#x Tg Ts u porosity solidDensity effectiveSolidHeatConductivity tortuosity_factor solidHeatCapacity specificArea extinctionCoefficient scatteringAlbedo emissivity hv insulationTransmissivity divq divSolidHeatConduction N2 H2 H O2 O H2O OH H2O2 HO2 NO N2O NO2 HNO HNO2 HONO HONO2 N2H2 H2NN NH2OH HNOH NH3 N2H4 N NO3 NH NNH NH2 H2NO N2H3 
0 300 300 0.397657 0.824933 4320 0.378809 1.343 574.643 1591.82 1340.4 0.55 0.9 321132 0.6 -8.86228 -31411.7 0.658284 -6.88735e-20 2.72043e-19 0.199873 1.17834e-18 1.16908e-21 3.98709e-26 4.30816e-20 2.56675e-20 -1.72726e-19 4.09147e-19 -1.60562e-22 1.08763e-18 -2.68382e-19 1.25471e-21 1.69219e-19 2.81346e-18 -2.22261e-20 2.10719e-20 -3.78949e-19 0.141843 -5.53249e-20 -1.16615e-18 -1.47047e-23 4.90222e-19 6.57731e-36 4.31093e-21 -2.67441e-19 -9.20773e-19 
0.01915 300.028 300.03 0.397695 0.824933 4320 0.378766 1.343 574.679 1591.82 1340.4 0.55 0.9 321148 0.6 -154.476 -419.688 0.658284 2.02898e-18 1.51776e-24 0.199873 -5.64134e-20 5.47584e-19 1.25994e-23 -1.7317e-18 1.24948e-17 -1.59636e-18 4.09147e-19 -9.37937e-20 1.08773e-18 -2.68371e-19 1.25472e-21 1.69219e-19 2.81346e-18 -2.77178e-21 2.10719e-20 -3.7895e-19 0.141843 -6.2111e-19 -6.88179e-20 -1.47247e-23 2.55689e-20 3.22599e-33 1.058e-18 -2.67423e-19 -9.20785e-19 
0.028725 300.178 300.197 0.397893 0.824933 4320 0.378606 1.343 574.88 1591.82 1340.4 0.55 0.9 321236 0.6 -1017.17 -5181.68 0.658284 1.05185e-16 1.70875e-29 0.199873 -1.12178e-19 5.63232e-19 7.27225e-25 -2.54698e-18 1.40771e-17 -1.68169e-18 4.09147e-19 -1.35544e-19 1.08769e-18 -2.68363e-19 1.25472e-21 1.69219e-19 2.81347e-18 -2.47076e-21 2.1072e-20 -3.78951e-19 0.141843 -9.88494e-19 -7.67083e-21 -1.4734e-23 2.52217e-21 -7.93368e-35 1.4435e-18 -2.67416e-19 -9.20787e-19 
0.0335125 300.634 300.752 0.398498 0.824933 4320 0.378254 1.343 575.545 1591.82 1340.4 0.55 0.9 321504 0.6 -4006.82 -33916.3 0.658284 2.6607e-15 -1.21778e-31 0.199873 -1.11546e-19 5.59317e-19 -3.91536e-25 -2.93132e-18 1.4823e-17 -1.69086e-18 4.09147e-19 -1.58241e-19 1.08766e-18 -2.68359e-19 1.25472e-21 1.69219e-19 2.81347e-18 -2.6653e-21 2.1072e-20 -3.78951e-19 0.141843 -1.19531e-18 -1.53288e-21 -1.47383e-23 4.38104e-22 -9.37255e-35 1.651e-18 -2.67412e-19 -9.20788e-19 
0.0359063 301.404 301.8 0.399519 0.824933 4320 0.377406 1.343 576.796 1591.82 1340.4 0.55 0.9 321956 0.6 -10960.1 -116920 0.658284 3.48888e-14 -1.28745e-31 0.199873 -1.08405e-19 5.74735e-19 -6.48681e-25 -3.11563e-18 1.51808e-17 -1.69248e-18 4.09147e-19 -1.70219e-19 1.08765e-18 -2.68357e-19 1.25473e-21 1.69219e-19 2.81348e-18 -2.76748e-21 2.1072e-20 -3.78951e-19 0.141843 -1.30643e-18 -5.06932e-22 -1.47404e-23 1.19296e-22 -1.03006e-34 1.82054e-18 -2.67387e-19 -9.20788e-19 
0.0383 303.533 304.625 0.40234 0.824933 4320 0.375823 1.343 580.139 1591.82 1340.4 0.55 0.9 323207 0.6 -33427.6 -322295 0.658284 5.844e-13 -1.02848e-27 0.199873 -1.03089e-19 1.68758e-18 -9.12256e-25 -3.28808e-18 1.55201e-17 -1.69097e-18 4.09168e-19 -1.82929e-19 1.08765e-18 -2.68355e-19 1.2556e-21 1.69219e-19 2.81414e-18 -2.82379e-21 2.10764e-20 -3.7894e-19 0.141843 -1.42993e-18 -1.62608e-22 -1.47424e-23 1.31137e-22 -1.70344e-34 4.26724e-18 -2.65947e-19 -9.20785e-19 
0.0398625 306.676 309.128 0.406507 0.824933 4320 0.372916 1.343 585.373 1591.82 1340.4 0.55 0.9 325054 0.6 -85017.4 -722159 0.658284 5.66148e-12 -7.34634e-28 0.199873 -9.77871e-20 3.68749e-17 -1.3546e-24 -3.38919e-18 1.589e-17 -1.63687e-18 4.10058e-19 -1.88244e-19 1.08789e-18 -2.68353e-19 1.28959e-21 1.69219e-19 2.83622e-18 -2.79633e-21 2.12206e-20 -3.78541e-19 0.141843 -1.5106e-18 -6.56833e-23 -1.47421e-23 1.00345e-22 -2.05852e-34 5.24536e-17 -2.1803e-19 -9.20618e-19 
0.041425 313.292 318.394 0.415277 0.824933 4320 0.367164 1.343 595.79 1591.82 1340.4 0.55 0.9 328942 0.6 -237397 -1.4771e+06 0.658284 6.25373e-11 -3.27352e-28 0.199873 -8.4952e-20 1.35667e-15 -2.41756e-24 -3.33875e-18 2.2611e-17 5.06093e-19 4.56539e-19 -3.20078e-20 1.09725e-18 -2.68314e-19 2.88576e-21 1.69219e-19 3.71548e-18 -2.64236e-21 2.69992e-20 -3.62685e-19 0.141843 -1.08942e-18 -2.42128e-23 -1.4657e-23 4.73491e-23 -5.57649e-35 1.24408e-15 1.68824e-18 -9.12547e-19 
0.0429875 327.172 337.626 0.433675 0.824933 4320 0.356273 1.343 615.958 1591.82 1340.4 0.55 0.9 337104 0.6 -689216 -2.90198e+06 0.658284 6.78733e-10 2.27045e-27 0.199873 2.64498e-20 4.8783e-14 -4.41232e-24 2.01398e-18 2.69758e-16 8.25114e-17 2.7892e-18 7.41982e-18 1.45332e-18 -2.66604e-19 7.49799e-20 1.69221e-19 3.74934e-17 -2.22263e-21 2.50018e-19 2.45206e-19 0.141843 2.60624e-17 -7.19875e-24 -1.02612e-23 4.4107e-23 9.80817e-32 2.97145e-14 7.47678e-17 -5.37792e-19 
0.04455 356.23 377.333 0.472192 0.824933 4320 0.344023 1.343 651.936 1591.82 1340.4 0.55 0.9 354189 0.6 -2.01076e+06 -5.59886e+06 0.658284 6.93167e-09 1.54226e-24 0.199873 2.2108e-18 1.61589e-12 5.62384e-23 1.93845e-16 8.9483e-15 3.00366e-15 1.11187e-16 3.18645e-16 1.40589e-17 -1.95014e-19 3.0933e-18 1.69328e-19 1.24748e-15 4.63985e-21 8.25545e-18 2.19201e-17 0.141843 1.32589e-15 -1.25111e-24 1.9636e-22 3.0848e-21 6.73781e-29 6.63635e-13 2.68049e-15 1.55895e-17 
0.0453313 379.902 412.793 0.50357 0.824933 4320 0.331556 1.343 678.441 1591.82 1340.4 0.55 0.9 368082 0.6 -3.97225e+06 -8.48839e+06 0.658284 3.06321e-08 1.31506e-22 0.199873 2.16777e-17 2.01125e-11 1.61305e-21 2.64859e-15 1.19269e-13 4.06597e-14 1.91941e-15 4.98726e-15 1.75477e-16 8.83149e-19 4.85478e-17 1.71123e-19 1.69611e-14 2.92471e-19 1.1215e-16 3.0136e-16 0.141843 2.35446e-14 -2.34184e-25 3.67326e-21 1.11955e-19 7.23326e-27 5.80883e-12 3.62739e-14 2.65151e-16 
0.0461125 416.641 465.213 0.552269 0.824933 4320 0.315962 1.343 709.657 1591.82 1340.4 0.55 0.9 389556 0.6 -8.04175e+06 -1.1459e+07 0.658284 1.50221e-07 1.94133e-20 0.199873 2.49353e-16 2.92537e-10 7.18849e-20 4.23225e-14 1.89116e-12 6.54002e-13 3.96472e-14 9.28136e-14 2.78595e-15 2.12499e-17 9.07167e-16 2.08939e-19 2.75231e-13 1.30878e-17 1.81422e-15 4.84975e-15 0.141843 4.98195e-13 1.07625e-25 7.67299e-20 3.68497e-18 1.03849e-24 5.92466e-11 5.83043e-13 5.10651e-15 
0.0468937 472.872 542.355 0.626809 0.824933 4320 0.297584 1.343 742.621 1591.82 1340.4 0.55 0.9 422124 0.6 -1.59807e+07 -1.4193e+07 0.658284 7.0603e-07 3.57552e-18 0.199872 3.00117e-15 3.86742e-09 4.71063e-18 6.24393e-13 2.77184e-11 9.72595e-12 7.48773e-13 1.58219e-12 4.11319e-14 3.68511e-16 1.55453e-14 9.24913e-19 4.13864e-12 4.86503e-16 2.71095e-14 7.20197e-14 0.141843 9.5802e-12 1.08612e-23 1.45675e-18 1.35285e-16 1.24554e-22 5.6486e-10 8.65481e-12 8.98612e-14 
0.047675 557.32 653.372 0.738768 0.824933 4320 0.277522 1.343 773.498 1591.82 1340.4 0.55 0.9 470149 0.6 -3.02139e+07 -1.53837e+07 0.658283 3.03754e-06 7.23262e-16 0.199872 4.44599e-14 4.44446e-08 3.13774e-16 8.18422e-12 3.60147e-10 1.28565e-10 1.24385e-11 2.36822e-11 5.43336e-13 5.57532e-15 2.34947e-13 1.27773e-17 5.54525e-11 1.35441e-14 3.59658e-13 9.50451e-13 0.141842 1.57518e-10 1.15425e-21 2.43504e-17 5.3903e-15 1.18926e-20 4.82314e-09 1.13938e-10 1.39458e-12 
0.0484562 678.877 806.247 0.899994 0.824933 4320 0.262694 1.343 802.935 1591.82 1340.4 0.55 0.9 537051 0.6 -5.20479e+07 -1.64254e+07 0.658278 1.17514e-05 1.11263e-13 0.199871 1.13612e-12 4.34848e-07 2.05702e-14 9.34264e-11 3.98676e-09 1.48246e-09 1.78248e-10 3.0227e-10 6.58796e-12 7.29917e-14 3.07323e-12 1.81078e-16 6.49867e-10 2.78834e-13 4.15832e-12 1.09948e-11 0.141839 2.03843e-09 1.35075e-19 3.61085e-16 2.1361e-13 1.0289e-18 3.63497e-08 1.29852e-09 1.87449e-11 
0.0488469 753.286 901.311 0.998795 0.824933 4320 0.255158 1.343 818.406 1591.82 1340.4 0.55 0.9 576641 0.6 -6.79542e+07 -1.81824e+07 0.658272 2.4829e-05 1.75946e-12 0.199868 1.67439e-11 1.81006e-06 3.74637e-13 4.37002e-10 1.63128e-08 7.17664e-09 1.03649e-09 1.54101e-09 4.13864e-11 3.93536e-13 1.65368e-11 1.05163e-15 3.20253e-09 2.11191e-12 2.02044e-11 5.49275e-11 0.141833 9.31117e-09 4.97614e-18 2.51989e-15 3.05279e-12 1.81321e-17 1.26507e-07 6.06857e-09 1.02625e-10 
0.0490422 794.867 954.324 1.05409 0.824933 4320 0.250062 1.343 825.635 1591.82 1340.4 0.55 0.9 598344 0.6 -7.80658e+07 -1.95456e+07 0.658266 3.77285e-05 8.28984e-12 0.199866 8.38918e-11 4.49589e-06 2.21706e-12 1.16851e-09 3.76131e-08 2.0232e-08 3.40939e-09 4.52288e-09 1.49273e-10 1.21495e-12 5.08912e-11 3.45592e-15 9.18953e-09 8.23611e-12 5.72036e-11 1.61473e-10 0.141826 2.51459e-08 5.64745e-17 9.99865e-15 1.71348e-11 1.07428e-16 2.762e-07 1.64517e-08 3.18678e-10 
0.0492375 840.516 1011.4 1.1149 0.824933 4320 0.245002 1.343 831.081 1591.82 1340.4 0.55 0.9 621853 0.6 -8.92223e+07 -1.8724e+07 0.658255 5.84216e-05 3.76937e-11 0.199861 3.93429e-10 1.20968e-05 1.33027e-11 3.3991e-09 9.12335e-08 6.29717e-08 1.26137e-08 1.47971e-08 5.89797e-10 4.18891e-12 1.74641e-10 1.27661e-14 2.92305e-08 3.72844e-11 1.78991e-10 5.27908e-10 0.141812 7.72262e-08 6.45728e-16 4.41653e-14 9.08268e-11 7.12511e-16 6.45491e-07 4.88953e-08 1.10296e-09 
0.0494328 890.25 1072.57 1.18133 0.824933 4320 0.241272 1.343 834.974 1591.82 1340.4 0.55 0.9 647137 0.6 -1.00837e+08 -1.91093e+07 0.658239 9.11017e-05 1.59671e-10 0.199852 1.71527e-09 3.29492e-05 7.54148e-11 9.72525e-09 2.11308e-07 1.98303e-07 4.71761e-08 4.8553e-08 2.39022e-09 1.46391e-11 6.04776e-10 4.76624e-14 9.4437e-08 1.78326e-10 5.67006e-10 1.76196e-09 0.141783 2.37326e-07 7.30204e-15 1.99694e-13 4.63909e-10 4.87557e-15 1.54263e-06 1.44488e-07 3.81707e-09 
0.0495305 916.542 1104.76 1.21656 0.824933 4320 0.23878 1.343 836.937 1591.82 1340.4 0.55 0.9 660403 0.6 -1.06926e+08 -2.10508e+07 0.658226 0.000114674 3.43881e-10 0.199844 3.77163e-09 5.6867e-05 1.88121e-10 1.6715e-08 3.16513e-07 3.7377e-07 9.97098e-08 9.28255e-08 5.37731e-09 2.96424e-11 1.20861e-09 1.00808e-13 1.81675e-07 4.34003e-10 1.07199e-09 3.42185e-09 0.141754 4.28487e-07 2.99042e-14 4.85396e-13 1.17891e-09 1.41827e-14 2.4789e-06 2.56123e-07 7.51163e-09 
0.0496281 944.046 1138.13 1.25352 0.824933 4320 0.2363 1.343 838.911 1591.82 1340.4 0.55 0.9 674225 0.6 -1.12913e+08 -2.09418e+07 0.65821 0.000144825 7.32097e-10 0.199829 8.16404e-09 0.00010069 4.65923e-10 2.92576e-08 4.73177e-07 7.30023e-07 2.21681e-07 1.84077e-07 1.24624e-08 6.28216e-11 2.51754e-09 2.24079e-13 3.63397e-07 1.11007e-09 2.09889e-09 6.8339e-09 0.141708 8.01722e-07 1.20871e-13 1.22262e-12 2.93042e-09 4.3842e-14 4.06172e-06 4.65006e-07 1.53301e-08 
0.0497258 972.787 1172.69 1.29228 0.824933 4320 0.234455 1.343 840.891 1591.82 1340.4 0.55 0.9 688629 0.6 -1.18574e+08 -2.21996e+07 0.65819 0.000183213 1.54817e-09 0.199804 1.73885e-08 0.000180069 1.14285e-09 5.10449e-08 6.9752e-07 1.44238e-06 5.01e-07 3.67325e-07 2.90342e-08 1.35343e-10 5.30018e-09 5.0545e-13 7.37067e-07 2.8977e-09 4.15033e-09 1.36331e-08 0.141631 1.50657e-06 4.80634e-13 3.06845e-12 7.13086e-09 1.40698e-13 6.71624e-06 8.44296e-07 3.13713e-08 
0.0497746 987.635 1190.44 1.31237 0.824933 4320 0.233223 1.343 841.882 1591.82 1340.4 0.55 0.9 696067 0.6 -1.21275e+08 -2.4774e+07 0.658177 0.000206454 2.2894e-09 0.199783 2.56829e-08 0.000243917 1.81602e-09 6.75771e-08 8.4362e-07 2.06289e-06 7.75109e-07 5.25396e-07 4.54858e-08 2.03805e-10 7.83985e-09 7.79968e-13 1.07099e-06 4.82543e-09 5.92886e-09 1.9401e-08 0.141572 2.07708e-06 1.00315e-12 4.98307e-12 1.13483e-08 2.61312e-13 8.72335e-06 1.14363e-06 4.53437e-08 
0.0498234 1002.87 1208.55 1.33305 0.824933 4320 0.231991 1.343 842.875 1591.82 1340.4 0.55 0.9 703694 0.6 -1.23791e+08 -2.6129e+07 0.658164 0.00023281 3.38385e-09 0.199754 3.78883e-08 0.000333038 2.8896e-09 8.98549e-08 1.01995e-06 2.98507e-06 1.22198e-06 7.59224e-07 7.20168e-08 3.11939e-10 1.17516e-08 1.22411e-12 1.57635e-06 8.15097e-09 8.56011e-09 2.77669e-08 0.141492 2.8892e-06 2.09109e-12 8.17948e-12 1.80155e-08 4.95907e-13 1.1392e-05 1.55787e-06 6.61647e-08 
0.0498723 1018.53 1227.01 1.35436 0.824933 4320 0.23076 1.343 843.869 1591.82 1340.4 0.55 0.9 711508 0.6 -1.26055e+08 -2.77999e+07 0.65815 0.000262659 5.00767e-09 0.199712 5.57617e-08 0.000456964 4.60426e-09 1.19617e-07 1.23168e-06 4.3483e-06 1.94677e-06 1.10145e-06 1.14528e-07 4.81817e-10 1.7727e-08 1.93648e-12 2.33685e-06 1.38888e-08 1.24257e-08 3.9768e-08 0.141386 4.03184e-06 4.35736e-12 1.34226e-11 2.84701e-08 9.56026e-13 1.49301e-05 2.1255e-06 9.68297e-08 
0.0499211 1034.66 1245.87 1.37638 0.824933 4320 0.229527 1.343 844.865 1591.82 1340.4 0.55 0.9 719558 0.6 -1.27989e+08 -2.98633e+07 0.658136 0.000296421 7.41851e-09 0.199653 8.18187e-08 0.000628624 7.34497e-09 1.59006e-07 1.48535e-06 6.35233e-06 3.11594e-06 1.59615e-06 1.8222e-07 7.46985e-10 2.67683e-08 3.06782e-12 3.47422e-06 2.37591e-08 1.80612e-08 5.67913e-08 0.141242 5.61709e-06 9.05758e-12 2.18562e-11 4.47266e-08 1.86306e-12 1.96096e-05 2.89483e-06 1.41386e-07 
0.0499699 1051.3 1265.13 1.39919 0.824933 4320 0.228293 1.343 845.864 1591.82 1340.4 0.55 0.9 727875 0.6 -1.295e+08 -3.23999e+07 0.658124 0.000334558 1.09975e-08 0.199567 1.19625e-07 0.000865468 1.17305e-08 2.10595e-07 1.78939e-06 9.28125e-06 4.99115e-06 2.30106e-06 2.89265e-07 1.1576e-09 4.02978e-08 4.84325e-12 5.16341e-06 4.06376e-08 2.62078e-08 8.0657e-08 0.141047 7.78045e-06 1.87529e-11 3.5119e-11 6.97943e-08 3.65602e-12 2.5786e-05 3.92491e-06 2.05135e-07 
0.0500188 1068.54 1284.84 1.42291 0.824933 4320 0.227056 1.343 846.864 1591.82 1340.4 0.55 0.9 736496 0.6 -1.30474e+08 -3.54997e+07 0.658116 0.00037758 1.63112e-08 0.199443 1.74228e-07 0.00119092 1.87625e-08 2.77395e-07 2.15484e-06 1.35359e-05 7.98033e-06 3.28903e-06 4.57224e-07 1.7869e-09 6.02841e-08 7.58914e-12 7.65264e-06 6.92516e-08 3.78758e-08 1.13708e-07 0.140786 1.06769e-05 3.86404e-11 5.54345e-11 1.08148e-07 7.2038e-12 3.39251e-05 5.28567e-06 2.94761e-07 
0.0500676 1086.47 1305.03 1.4477 0.824933 4320 0.225815 1.343 847.868 1591.82 1340.4 0.55 0.9 745474 0.6 -1.30775e+08 -3.92619e+07 0.658117 0.000426047 2.42061e-08 0.199266 2.52789e-07 0.00163623 3.00767e-08 3.62788e-07 2.5962e-06 1.96769e-05 1.27139e-05 4.64748e-06 7.18451e-07 2.73835e-09 8.93624e-08 1.17603e-11 1.12886e-05 1.17216e-07 5.44185e-08 1.58901e-07 0.140435 1.44699e-05 7.92334e-11 8.56104e-11 1.66438e-07 1.42221e-11 4.46391e-05 7.05653e-06 4.18303e-07 
0.0501164 1105.26 1325.74 1.47379 0.824933 4320 0.224566 1.343 848.876 1591.82 1340.4 0.55 0.9 754875 0.6 -1.30236e+08 -4.37928e+07 0.658135 0.000480572 3.5954e-08 0.199011 3.65529e-07 0.00224284 4.83748e-08 4.7036e-07 3.13221e-06 2.8482e-05 2.01562e-05 6.47426e-06 1.12081e-06 4.15113e-09 1.30908e-07 1.79571e-11 1.65467e-05 1.96512e-07 7.7611e-08 2.19894e-07 0.139965 1.93109e-05 1.61788e-10 1.28848e-10 2.5458e-07 2.80898e-11 5.87369e-05 9.32259e-06 5.84867e-07 
0.0501652 1125.09 1347.03 1.50148 0.824933 4320 0.223309 1.343 849.89 1591.82 1340.4 0.55 0.9 764789 0.6 -1.28655e+08 -4.92028e+07 0.65818 0.000541825 5.34803e-08 0.198647 5.27177e-07 0.00306523 7.8178e-08 6.03571e-07 3.78664e-06 4.10199e-05 3.17656e-05 8.86786e-06 1.73404e-06 6.19909e-09 1.88981e-07 2.69097e-11 2.4065e-05 3.25465e-07 1.09727e-07 3.01129e-07 0.139337 2.53048e-05 3.29391e-10 1.88238e-10 3.87482e-07 5.54413e-11 7.72931e-05 1.21672e-05 8.03931e-07 
0.0502141 1146.23 1368.97 1.53117 0.824933 4320 0.222039 1.343 850.91 1591.82 1340.4 0.55 0.9 775336 0.6 -1.25785e+08 -5.55977e+07 0.658271 0.000610526 7.97228e-08 0.198128 7.59227e-07 0.00417439 1.27167e-07 7.65182e-07 4.58909e-06 5.87456e-05 4.97183e-05 1.19094e-05 2.65812e-06 9.0743e-09 2.68013e-07 3.93946e-11 3.46784e-05 5.31159e-07 1.53591e-07 4.07912e-07 0.138499 3.24613e-05 6.69849e-10 2.65822e-10 5.87828e-07 1.09263e-10 0.000101742 1.56598e-05 1.08413e-06 
0.0502629 1169.05 1391.63 1.5634 0.824933 4320 0.220755 1.343 851.938 1591.82 1340.4 0.55 0.9 786668 0.6 -1.21323e+08 -6.14395e+07 0.658435 0.000687449 1.192e-07 0.197392 1.09347e-06 0.00566182 2.08601e-07 9.56355e-07 5.57582e-06 8.36221e-05 7.7209e-05 1.5635e-05 4.03379e-06 1.29423e-08 3.72047e-07 5.60317e-11 4.94455e-05 8.5182e-07 2.12586e-07 5.46478e-07 0.137387 4.06311e-05 1.36313e-09 3.61207e-10 8.90589e-07 2.14885e-10 0.000134006 1.98384e-05 1.43139e-06 
0.0503117 1194.03 1415.09 1.59889 0.824933 4320 0.219786 1.343 852.976 1591.82 1340.4 0.55 0.9 798987 0.6 -1.14928e+08 -6.93751e+07 0.65871 0.000773408 1.789e-07 0.196355 1.57748e-06 0.00764371 3.45676e-07 1.17535e-06 6.7913e-06 0.000118275 0.000118837 1.9999e-05 6.05464e-06 1.78567e-08 5.0332e-07 7.69494e-11 6.96582e-05 1.33769e-06 2.90558e-07 7.2391e-07 0.135918 4.94372e-05 2.77591e-09 4.69969e-10 1.35018e-06 4.21471e-10 0.000176658 2.46878e-05 1.84616e-06 
0.0503361 1207.59 1427.15 1.61824 0.824933 4320 0.21913 1.343 853.499 1591.82 1340.4 0.55 0.9 805623 0.6 -1.1081e+08 -7.62182e+07 0.658912 0.000820377 2.20675e-07 0.195677 1.90492e-06 0.00888263 4.49319e-07 1.29362e-06 7.51076e-06 0.000140718 0.000147566 2.23728e-05 7.41235e-06 2.06542e-08 5.78962e-07 8.89177e-11 8.24509e-05 1.66618e-06 3.38487e-07 8.3039e-07 0.135005 5.38575e-05 4.0164e-09 5.26184e-10 1.67252e-06 5.92941e-10 0.000203339 2.73464e-05 2.07631e-06 
0.0503605 1222.03 1439.46 1.6389 0.824933 4320 0.218469 1.343 854.026 1591.82 1340.4 0.55 0.9 812643 0.6 -1.06026e+08 -8.11763e+07 0.659173 0.000870046 2.72646e-07 0.194863 2.30465e-06 0.0103211 5.86741e-07 1.41653e-06 8.31845e-06 0.000167506 0.000183416 2.48455e-05 9.06665e-06 2.36352e-08 6.61028e-07 1.01632e-10 9.7436e-05 2.06574e-06 3.93499e-07 9.51073e-07 0.133947 5.81472e-05 5.82576e-09 5.81372e-10 2.07669e-06 8.35789e-10 0.000234319 3.0149e-05 2.32066e-06 
0.050385 1237.48 1452.02 1.66108 0.824933 4320 0.217801 1.343 854.557 1591.82 1340.4 0.55 0.9 820099 0.6 -1.00501e+08 -8.63351e+07 0.659506 0.000922525 3.37539e-07 0.193888 2.79364e-06 0.0119872 7.70066e-07 1.54211e-06 9.22462e-06 0.000199426 0.000227969 2.73681e-05 1.10729e-05 2.67052e-08 7.4817e-07 1.14639e-10 0.000114891 2.54603e-06 4.56274e-07 1.08778e-06 0.132725 6.21466e-05 8.47997e-09 6.32775e-10 2.58505e-06 1.17978e-09 0.000270269 3.3069e-05 2.57614e-06 
0.0504094 1254.1 1464.86 1.68499 0.824933 4320 0.217126 1.343 855.091 1591.82 1340.4 0.55 0.9 828045 0.6 -9.4156e+07 -9.16544e+07 0.659928 0.000977924 4.18755e-07 0.192724 3.39341e-06 0.0139117 1.01604e-06 1.66769e-06 1.02408e-05 0.000237398 0.000283084 2.98774e-05 1.34957e-05 2.97312e-08 8.38307e-07 1.27344e-10 0.000135102 3.11604e-06 5.27454e-07 1.24265e-06 0.131317 6.56693e-05 1.23898e-08 6.77202e-10 3.22668e-06 1.66684e-09 0.000311953 3.60719e-05 2.83852e-06 
0.0504338 1272.06 1477.99 1.71089 0.824933 4320 0.216444 1.343 855.63 1591.82 1340.4 0.55 0.9 836545 0.6 -8.69045e+07 -9.708e+07 0.660459 0.00103634 5.20566e-07 0.191338 4.13077e-06 0.0161285 1.34797e-06 1.7899e-06 1.138e-05 0.000282497 0.000350918 3.22966e-05 1.64093e-05 3.25423e-08 9.28523e-07 1.39008e-10 0.000158355 3.78284e-06 6.07597e-07 1.4182e-06 0.129696 6.85085e-05 1.81712e-08 7.11194e-10 4.03937e-06 2.35579e-09 0.000360231 3.91157e-05 3.10242e-06 
0.0504582 1291.54 1491.43 1.73905 0.824933 4320 0.215754 1.343 856.173 1591.82 1340.4 0.55 0.9 845665 0.6 -7.86509e+07 -1.02542e+08 0.661121 0.00109786 6.48336e-07 0.189694 5.03898e-06 0.0186735 1.7984e-06 1.90454e-06 1.26563e-05 0.000335972 0.000433931 3.4538e-05 1.98978e-05 3.4937e-08 1.01504e-06 1.48793e-10 0.000184923 4.55008e-06 6.97125e-07 1.61742e-06 0.127837 7.04476e-05 2.67501e-08 7.31309e-10 5.07229e-06 3.3288e-09 0.000416046 4.21529e-05 3.36132e-06 
0.0504826 1312.76 1505.19 1.76979 0.824933 4320 0.215056 1.343 856.721 1591.82 1340.4 0.55 0.9 855475 0.6 -6.92917e+07 -1.07951e+08 0.661941 0.00116254 8.0879e-07 0.18775 6.15902e-06 0.0215853 2.41306e-06 2.00673e-06 1.40851e-05 0.000399276 0.000534875 3.65059e-05 2.4055e-05 3.66993e-08 1.09327e-06 1.55839e-10 0.000215052 5.4162e-06 7.96244e-07 1.84374e-06 0.12571 7.12759e-05 3.9521e-08 7.34516e-10 6.38938e-06 4.69993e-09 0.000480418 4.51315e-05 3.60771e-06 
0.050507 1335.93 1519.3 1.80343 0.824933 4320 0.21435 1.343 857.274 1591.82 1340.4 0.55 0.9 866046 0.6 -5.87147e+07 -1.132e+08 0.662948 0.00123043 1.01032e-06 0.185463 7.54102e-06 0.0249037 3.25635e-06 2.09095e-06 1.56818e-05 0.000474081 0.000656738 3.81023e-05 2.89832e-05 3.76232e-08 1.15806e-06 1.59382e-10 0.00024894 6.37249e-06 9.04849e-07 2.10117e-06 0.123283 7.08101e-05 5.8587e-08 7.18689e-10 8.07366e-06 6.6263e-09 0.000554408 4.79985e-05 3.83352e-06 
0.0505314 1361.3 1533.77 1.84034 0.824933 4320 0.213634 1.343 857.833 1591.82 1340.4 0.55 0.9 877452 0.6 -4.67988e+07 -1.18159e+08 0.664177 0.00130152 1.26336e-06 0.182782 9.24572e-06 0.0286695 4.41933e-06 2.15136e-06 1.74614e-05 0.000562297 0.000802661 3.92342e-05 3.47901e-05 3.75459e-08 1.20407e-06 1.58877e-10 0.000286707 7.40131e-06 1.02241e-06 2.39414e-06 0.120525 6.892e-05 8.71224e-08 6.83132e-10 1.02327e-05 9.32232e-09 0.000639082 5.07018e-05 4.03063e-06 
0.0505559 1389.1 1548.62 1.88087 0.824933 4320 0.212909 1.343 858.396 1591.82 1340.4 0.55 0.9 889760 0.6 -3.34142e+07 -1.22678e+08 0.665663 0.00137575 1.58084e-06 0.179658 1.13458e-05 0.0329231 6.03104e-06 2.18225e-06 1.94368e-05 0.000666081 0.000975777 3.98215e-05 4.15848e-05 3.63828e-08 1.22639e-06 1.54128e-10 0.000328357 8.47495e-06 1.1478e-06 2.72745e-06 0.117403 6.55564e-05 1.2992e-07 6.29015e-10 1.30051e-05 1.30772e-08 0.000735438 5.31931e-05 4.1919e-06 
0.0505803 1419.59 1563.86 1.92541 0.824933 4320 0.212174 1.343 858.965 1591.82 1340.4 0.55 0.9 903033 0.6 -1.84223e+07 -1.26585e+08 0.667448 0.00145302 1.97868e-06 0.176036 1.39269e-05 0.037703 8.27464e-06 2.1787e-06 2.16154e-05 0.000787831 0.00117898 3.98064e-05 4.94704e-05 3.41579e-08 1.22131e-06 1.45357e-10 0.000373733 9.55544e-06 1.27916e-06 3.10587e-06 0.113885 6.07767e-05 1.94223e-07 5.59551e-10 1.65688e-05 1.82755e-08 0.000844321 5.54286e-05 4.31231e-06 
0.0506047 1453 1579.52 1.97431 0.824933 4320 0.21143 1.343 859.539 1591.82 1340.4 0.55 0.9 917321 0.6 -1.67667e+06 -1.29692e+08 0.669572 0.00153311 2.47649e-06 0.171866 1.70885e-05 0.0430442 1.14103e-05 2.13735e-06 2.39965e-05 0.00093015 0.00141461 3.91603e-05 5.85338e-05 3.10176e-08 1.18714e-06 1.332e-10 0.00042245 1.05958e-05 1.41367e-06 3.53357e-06 0.109942 5.4761e-05 2.90977e-07 4.79784e-10 2.11499e-05 2.54199e-08 0.000966294 5.73685e-05 4.39041e-06 
0.0506291 1489.56 1595.59 2.02793 0.824933 4320 0.210676 1.343 860.118 1591.82 1340.4 0.55 0.9 932660 0.6 1.69769e+07 -1.31804e+08 0.672079 0.00161569 3.09828e-06 0.167095 2.09436e-05 0.0489756 1.58077e-05 2.05728e-06 2.65651e-05 0.00109579 0.00168402 3.78903e-05 6.88323e-05 2.722e-08 1.12494e-06 1.18622e-10 0.000473821 1.1543e-05 1.5474e-06 4.01314e-06 0.105547 4.78132e-05 4.36731e-07 3.9591e-10 2.70331e-05 3.51524e-08 0.00110149 5.89741e-05 4.42959e-06 
0.0506535 1529.45 1612.09 2.08657 0.824933 4320 0.209912 1.343 860.703 1591.82 1340.4 0.55 0.9 949061 0.6 3.76987e+07 -1.32724e+08 0.67501 0.00170032 3.87346e-06 0.161681 2.5618e-05 0.0555183 2.19906e-05 1.94066e-06 2.92864e-05 0.00128754 0.00198704 3.60397e-05 8.03765e-05 2.30957e-08 1.03876e-06 1.02755e-10 0.000526767 1.23418e-05 1.67515e-06 4.54414e-06 0.100681 4.03394e-05 6.56473e-07 3.14229e-10 3.45708e-05 4.82697e-08 0.00124942 6.02023e-05 4.43872e-06 
0.0506779 1572.81 1629.03 2.15045 0.824933 4320 0.20914 1.343 861.291 1591.82 1340.4 0.55 0.9 966510 0.6 6.06541e+07 -1.32272e+08 0.678403 0.00178637 4.83785e-06 0.155586 3.12471e-05 0.062682 3.06993e-05 1.79287e-06 3.20974e-05 0.00150812 0.00232144 3.36857e-05 9.31098e-05 1.89887e-08 9.35429e-07 8.67205e-11 0.000579733 1.29394e-05 1.79043e-06 5.12112e-06 0.0953327 3.28025e-05 9.87824e-07 2.40039e-10 4.41901e-05 6.57205e-08 0.00140873 6.09994e-05 4.43142e-06 
0.0507023 1619.71 1646.41 2.21972 0.824933 4320 0.208359 1.343 861.884 1591.82 1340.4 0.55 0.9 984958 0.6 8.60116e+07 -1.30301e+08 0.682291 0.00187302 6.03473e-06 0.148789 3.79708e-05 0.0704628 4.29727e-05 1.62205e-06 3.48997e-05 0.00175998 0.00268225 3.09314e-05 0.000106888 1.51933e-08 8.23521e-07 7.14619e-11 0.000630615 1.32898e-05 1.88565e-06 5.73129e-06 0.0895022 2.56577e-05 1.48695e-06 1.76814e-10 5.63909e-05 8.85682e-08 0.00157692 6.12947e-05 4.42335e-06 
0.0507268 1670.16 1664.22 2.29441 0.824933 4320 0.207571 1.343 862.48 1591.82 1340.4 0.55 0.9 1.00432e+06 0.6 1.13941e+08 -1.23652e+08 0.686697 0.00195921 7.51551e-06 0.141282 4.59241e-05 0.07884 6.0254e-05 1.43775e-06 3.75529e-05 0.00204511 0.00306131 2.78951e-05 0.000121463 1.19103e-08 7.12015e-07 5.76458e-11 0.00067675 1.33568e-05 1.9526e-06 6.35208e-06 0.0832053 1.92831e-05 2.23619e-06 1.25945e-10 7.17269e-05 1.17892e-07 0.00175007 6.09978e-05 4.42737e-06 
0.0507512 1724.03 1682.46 2.37438 0.824933 4320 0.206977 1.343 863.079 1591.82 1340.4 0.55 0.9 1.02448e+06 0.6 1.44589e+08 -1.17339e+08 0.691631 0.00204364 9.33931e-06 0.133081 5.52217e-05 0.0877737 8.44881e-05 1.24931e-06 3.98748e-05 0.00236483 0.00344702 2.46976e-05 0.000136477 9.23245e-09 6.08835e-07 4.56262e-11 0.00071502 1.31174e-05 1.98333e-06 6.94916e-06 0.076475 1.39227e-05 3.35157e-06 8.70644e-11 9.07526e-05 1.54599e-07 0.00192252 6.00025e-05 4.44729e-06 
0.0507634 1752.19 1691.74 2.41629 0.824933 4320 0.206578 1.343 863.379 1591.82 1340.4 0.55 0.9 1.03481e+06 0.6 1.61097e+08 -1.15153e+08 0.694315 0.00208496 1.04136e-05 0.128698 6.04522e-05 0.0924655 0.000100186 1.15563e-06 4.0838e-05 0.00253929 0.00363833 2.30662e-05 0.000144052 8.11405e-09 5.62215e-07 4.03814e-11 0.000730087 1.28785e-05 1.98265e-06 7.2231e-06 0.0729379 1.16371e-05 4.10954e-06 7.15777e-11 0.000101911 1.76034e-07 0.00200647 5.91933e-05 4.45893e-06 
0.0507756 1781.15 1701.11 2.45944 0.824933 4320 0.206278 1.343 863.679 1591.82 1340.4 0.55 0.9 1.04528e+06 0.6 1.78351e+08 -1.10632e+08 0.697138 0.00212523 1.16006e-05 0.124146 6.60498e-05 0.0972792 0.000118718 1.06359e-06 4.16299e-05 0.0027231 0.00382541 2.14337e-05 0.000151569 7.14474e-09 5.19772e-07 3.55897e-11 0.000741822 1.25591e-05 1.97022e-06 7.47209e-06 0.0693084 9.6318e-06 5.0281e-06 5.84922e-11 0.000114187 1.99436e-07 0.00208721 5.81603e-05 4.46953e-06 
0.0507817 1795.91 1705.83 2.48147 0.824933 4320 0.206078 1.343 863.83 1591.82 1340.4 0.55 0.9 1.05056e+06 0.6 1.87296e+08 -1.09806e+08 0.698605 0.00214496 1.22423e-05 0.1218 6.89959e-05 0.0997375 0.000129252 1.01825e-06 4.19521e-05 0.00281888 0.00391685 2.06181e-05 0.000155297 6.71007e-09 5.00169e-07 3.33647e-11 0.000746311 1.23697e-05 1.95942e-06 7.58491e-06 0.0674552 8.72476e-06 5.56034e-06 5.27259e-11 0.00012078 2.11889e-07 0.00212607 5.7554e-05 4.47308e-06 
0.0507878 1810.85 1710.58 2.50379 0.824933 4320 0.205928 1.343 863.98 1591.82 1340.4 0.55 0.9 1.05587e+06 0.6 1.96436e+08 -1.04691e+08 0.700107 0.00216434 1.29154e-05 0.119414 7.20324e-05 0.102223 0.000140682 9.73555e-07 4.222e-05 0.00291705 0.0040063 1.98062e-05 0.000158987 6.30867e-09 4.8174e-07 3.1247e-11 0.000749804 1.2161e-05 1.9455e-06 7.68862e-06 0.065582 7.8823e-06 6.14444e-06 4.74564e-11 0.000127662 2.24793e-07 0.00216364 5.6887e-05 4.47494e-06 
0.0507908 1818.39 1712.96 2.51506 0.824933 4320 0.205852 1.343 864.055 1591.82 1340.4 0.55 0.9 1.05854e+06 0.6 2.01088e+08 -1.05831e+08 0.700872 0.0021739 1.32649e-05 0.118204 7.35872e-05 0.103477 0.000146767 9.51418e-07 4.23327e-05 0.00296712 0.00405025 1.94012e-05 0.000160819 6.11931e-09 4.72952e-07 3.02263e-11 0.000751165 1.20494e-05 1.93737e-06 7.73682e-06 0.0646367 7.48312e-06 6.458e-06 4.49889e-11 0.000131219 2.31416e-07 0.00218193 5.65299e-05 4.47503e-06 
0.0507924 1822.18 1714.16 2.52072 0.824933 4320 0.205802 1.343 864.093 1591.82 1340.4 0.55 0.9 1.05987e+06 0.6 2.03435e+08 -1.09623e+08 0.701258 0.00217865 1.34428e-05 0.117595 7.43739e-05 0.104108 0.000149906 9.40404e-07 4.23836e-05 0.00299241 0.00407202 1.9199e-05 0.000161732 6.02739e-09 4.68666e-07 2.97252e-11 0.000751746 1.19918e-05 1.933e-06 7.75995e-06 0.0641618 7.28892e-06 6.62039e-06 4.37953e-11 0.000133026 2.34769e-07 0.00219094 5.63453e-05 4.47484e-06 
0.0507939 1825.98 1715.35 2.5264 0.824933 4320 0.205752 1.343 864.13 1591.82 1340.4 0.55 0.9 1.0612e+06 0.6 2.05794e+08 -1.09134e+08 0.701646 0.00218337 1.36228e-05 0.116983 7.51661e-05 0.10474 0.000153108 9.29434e-07 4.24308e-05 0.00301785 0.00409362 1.89971e-05 0.000162642 5.93734e-09 4.64455e-07 2.92303e-11 0.000752259 1.19331e-05 1.92843e-06 7.78241e-06 0.0636858 7.0984e-06 6.78648e-06 4.26288e-11 0.000134852 2.38147e-07 0.00219985 5.61567e-05 4.47448e-06 
0.0507954 1829.78 1716.55 2.53209 0.824933 4320 0.205702 1.343 864.168 1591.82 1340.4 0.55 0.9 1.06254e+06 0.6 2.08166e+08 -1.08641e+08 0.702036 0.00218807 1.38049e-05 0.116369 7.5964e-05 0.105373 0.000156374 9.18508e-07 4.24742e-05 0.00304345 0.00411506 1.87955e-05 0.000163549 5.84913e-09 4.60319e-07 2.87414e-11 0.000752705 1.18732e-05 1.92367e-06 7.80418e-06 0.0632088 6.91147e-06 6.95634e-06 4.14884e-11 0.000136695 2.41549e-07 0.00220867 5.59642e-05 4.47394e-06 
0.0507969 1833.6 1717.75 2.5378 0.824933 4320 0.205651 1.343 864.205 1591.82 1340.4 0.55 0.9 1.06388e+06 0.6 2.10551e+08 -1.08144e+08 0.702428 0.00219274 1.3989e-05 0.115753 7.67675e-05 0.106008 0.000159705 9.07626e-07 4.25138e-05 0.00306919 0.00413633 1.85943e-05 0.000164453 5.7627e-09 4.56258e-07 2.82584e-11 0.000753082 1.18122e-05 1.91872e-06 7.82526e-06 0.0627306 6.72805e-06 7.13002e-06 4.03734e-11 0.000138556 2.44974e-07 0.00221738 5.57677e-05 4.47322e-06 
0.0507985 1837.43 1718.95 2.54353 0.824933 4320 0.205601 1.343 864.243 1591.82 1340.4 0.55 0.9 1.06522e+06 0.6 2.12948e+08 -1.02507e+08 0.702823 0.00219739 1.41753e-05 0.115134 7.75767e-05 0.106644 0.000163101 8.96788e-07 4.25496e-05 0.00309508 0.00415742 1.83935e-05 0.000165354 5.67802e-09 4.5227e-07 2.77811e-11 0.00075339 1.17501e-05 1.91357e-06 7.84562e-06 0.0622515 6.54808e-06 7.30756e-06 3.92829e-11 0.000140436 2.48423e-07 0.00222599 5.55673e-05 4.4723e-06 
0.0508 1841.27 1720.15 2.54928 0.824933 4320 0.205571 1.343 864.281 1591.82 1340.4 0.55 0.9 1.06656e+06 0.6 2.15358e+08 8.39639e+10 0.703219 0.002202 1.43635e-05 0.114513 7.83916e-05 0.107282 0.000166563 8.85992e-07 4.25816e-05 0.00312113 0.00417833 1.8193e-05 0.000166252 5.59504e-09 4.48356e-07 2.73095e-11 0.000753629 1.16868e-05 1.90822e-06 7.86527e-06 0.0617713 6.37145e-06 7.48904e-06 3.82161e-11 0.000142332 2.51894e-07 0.0022345 5.53629e-05 4.47119e-06 
0.0508015 1845.12 1720.4 2.44423 0.862333 2620 1.76895 1.168 1320.05 934.45 525.95 0.55 0.9 431030 0.6 8.457e+07 -8.41177e+10 0.703618 0.00220659 1.45539e-05 0.113889 7.92123e-05 0.107921 0.000170091 8.75238e-07 4.26098e-05 0.00314732 0.00419905 1.79928e-05 0.000167146 5.51371e-09 4.44516e-07 2.68435e-11 0.000753798 1.16225e-05 1.90268e-06 7.88418e-06 0.0612901 6.19809e-06 7.67449e-06 3.71719e-11 0.000144246 2.55387e-07 0.0022429 5.51545e-05 4.46986e-06 
0.0508031 1848.33 1720.54 2.44882 0.862333 2620 1.76887 1.168 1320.07 934.45 525.95 0.55 0.9 431480 0.6 8.45799e+07 -5.04932e+07 0.703951 0.00221038 1.47141e-05 0.113368 7.99002e-05 0.108454 0.000173084 8.66329e-07 4.26298e-05 0.00316924 0.00421612 1.78266e-05 0.000167887 5.44745e-09 4.41384e-07 2.64609e-11 0.000753878 1.1568e-05 1.89791e-06 7.89927e-06 0.060889 6.05666e-06 7.83227e-06 3.63221e-11 0.000145854 2.58309e-07 0.0022498 5.49776e-05 4.46856e-06 
0.0508046 1851.54 1720.68 2.45342 0.862333 2620 1.7688 1.168 1320.08 934.45 525.95 0.55 0.9 431930 0.6 8.459e+07 -4.91257e+07 0.704285 0.00221415 1.48761e-05 0.112847 8.05924e-05 0.108987 0.000176131 8.57472e-07 4.26465e-05 0.00319124 0.00423298 1.76612e-05 0.000168625 5.3827e-09 4.38323e-07 2.60842e-11 0.000753896 1.15127e-05 1.89298e-06 7.91368e-06 0.0604877 5.91832e-06 7.99338e-06 3.54923e-11 0.000147475 2.61243e-07 0.0022566 5.47977e-05 4.46707e-06 
0.0508061 1854.76 1720.82 2.45802 0.862333 2620 1.76872 1.168 1320.09 934.45 525.95 0.55 0.9 432380 0.6 8.46003e+07 -4.77551e+07 0.70462 0.00221789 1.50399e-05 0.112324 8.1289e-05 0.109521 0.000179233 8.48668e-07 4.26597e-05 0.00321333 0.00424962 1.74964e-05 0.000169357 5.31944e-09 4.35331e-07 2.57134e-11 0.000753852 1.14566e-05 1.88789e-06 7.92739e-06 0.0600862 5.78299e-06 8.15785e-06 3.46818e-11 0.000149109 2.64188e-07 0.00226329 5.46146e-05 4.46538e-06 
0.0508076 1857.97 1720.96 2.46263 0.862333 2620 1.76864 1.168 1320.11 934.45 525.95 0.55 0.9 432829 0.6 8.46108e+07 -4.75369e+07 0.704956 0.0022216 1.52055e-05 0.111801 8.19899e-05 0.110055 0.000182389 8.39916e-07 4.26695e-05 0.00323551 0.00426604 1.73323e-05 0.000170086 5.25762e-09 4.32409e-07 2.53483e-11 0.000753747 1.13997e-05 1.88265e-06 7.94041e-06 0.0596846 5.65061e-06 8.32571e-06 3.389e-11 0.000150755 2.67144e-07 0.00226988 5.44283e-05 4.46348e-06 
0.0508092 1861.19 1721.1 2.46724 0.862333 2620 1.76853 1.168 1320.12 934.45 525.95 0.55 0.9 433277 0.6 8.46216e+07 -4.73202e+07 0.705293 0.00222528 1.53729e-05 0.111277 8.26953e-05 0.110589 0.000185601 8.31215e-07 4.26759e-05 0.00325776 0.00428223 1.7169e-05 0.00017081 5.19722e-09 4.29556e-07 2.49887e-11 0.000753579 1.1342e-05 1.87725e-06 7.95272e-06 0.0592829 5.52114e-06 8.49701e-06 3.31161e-11 0.000152415 2.7011e-07 0.00227636 5.42389e-05 4.46137e-06 
0.0508122 1867.62 1721.38 2.47647 0.862333 2620 1.7683 1.168 1320.15 934.45 525.95 0.55 0.9 434172 0.6 8.46437e+07 -4.30183e+07 0.70597 0.00223256 1.57127e-05 0.110227 8.4118e-05 0.111658 0.000192185 8.13981e-07 4.26783e-05 0.00330248 0.0043139 1.68447e-05 0.000172243 5.08067e-09 4.24061e-07 2.42861e-11 0.000753057 1.12243e-05 1.86601e-06 7.97519e-06 0.0584798 5.2709e-06 8.84973e-06 3.16219e-11 0.000155768 2.76063e-07 0.002289 5.3851e-05 4.45649e-06 
0.0508183 1880.5 1721.94 2.49494 0.862333 2620 1.76799 1.168 1320.2 934.45 525.95 0.55 0.9 435955 0.6 8.46902e+07 -3.78523e+07 0.70733 0.00224674 1.64125e-05 0.108121 8.70115e-05 0.113796 0.000206009 7.80172e-07 4.26421e-05 0.00339274 0.00437431 1.62059e-05 0.000175053 4.86378e-09 4.13897e-07 2.2943e-11 0.000751268 1.09804e-05 1.84178e-06 8.01142e-06 0.0568758 4.80363e-06 9.59645e-06 2.88343e-11 0.000162611 2.88042e-07 0.00231294 5.30392e-05 4.44399e-06 
0.0508244 1893.39 1722.5 2.51344 0.862333 2620 1.76753 1.168 1320.26 934.45 525.95 0.55 0.9 437728 0.6 8.474e+07 -3.18673e+07 0.708702 0.00226043 1.7141e-05 0.106004 8.99743e-05 0.115935 0.000220772 7.47163e-07 4.25509e-05 0.00348424 0.00443076 1.5579e-05 0.00017779 4.66638e-09 4.04786e-07 2.16764e-11 0.000748482 1.07254e-05 1.81526e-06 8.03576e-06 0.0552724 4.3758e-06 1.04023e-05 2.62839e-11 0.000169638 3.00098e-07 0.00233506 5.21791e-05 4.42746e-06 
0.0508366 1919.15 1723.63 2.55045 0.862333 2620 1.76691 1.168 1320.36 934.45 525.95 0.55 0.9 441238 0.6 8.48483e+07 -2.09543e+07 0.711471 0.00228621 1.86797e-05 0.101758 9.60817e-05 0.120203 0.000253159 6.83761e-07 4.22043e-05 0.00367021 0.00453084 1.43664e-05 0.00018302 4.32709e-09 3.89711e-07 1.93528e-11 0.000739937 1.01861e-05 1.75583e-06 8.04769e-06 0.0520828 3.63117e-06 1.21939e-05 2.1838e-11 0.000184163 3.24182e-07 0.00237344 5.03231e-05 4.38136e-06 
0.0508488 1944.8 1724.76 2.58737 0.862333 2620 1.76598 1.168 1320.47 934.45 525.95 0.55 0.9 444689 0.6 8.49677e+07 -9.15042e+06 0.714272 0.0023098 2.03359e-05 0.0974925 0.000102438 0.124461 0.000289848 6.23667e-07 4.16392e-05 0.0038605 0.00461302 1.32066e-05 0.00018793 4.05161e-09 3.78612e-07 1.72866e-11 0.000727451 9.61338e-06 1.68863e-06 8.00885e-06 0.0489144 3.00715e-06 1.42533e-05 1.81219e-11 0.000199265 3.47947e-07 0.00240341 4.82941e-05 4.3151e-06 
0.0508732 1995.56 1727.02 2.66057 0.862333 2620 1.76475 1.168 1320.69 934.45 525.95 0.55 0.9 451391 0.6 8.52355e+07 1.46286e+07 0.719904 0.00234966 2.39835e-05 0.0889961 0.000115738 0.132853 0.000377061 5.14333e-07 3.98776e-05 0.00425045 0.0047191 1.10696e-05 0.000196653 3.67193e-09 3.68015e-07 1.38036e-11 0.000691058 8.39723e-06 1.5349e-06 7.77731e-06 0.0427178 2.06747e-06 1.92125e-05 1.24778e-11 0.000230591 3.92322e-07 0.00243538 4.37975e-05 4.11744e-06 
0.0508977 2044.91 1729.28 2.73199 0.862333 2620 1.76353 1.168 1320.91 934.45 525.95 0.55 0.9 457745 0.6 8.55342e+07 3.74966e+07 0.725524 0.00237898 2.81186e-05 0.080596 0.000129771 0.141043 0.000486146 4.19268e-07 3.73495e-05 0.0046523 0.00474428 9.17656e-06 0.000203877 3.48035e-09 3.72062e-07 1.1065e-11 0.000640585 7.1373e-06 1.36365e-06 7.34624e-06 0.0367519 1.41258e-06 2.54272e-05 8.58968e-12 0.000262348 4.29285e-07 0.00242564 3.88548e-05 3.82355e-06 
0.0509221 2092.17 1731.53 2.8006 0.862333 2620 1.76231 1.168 1321.12 934.45 525.95 0.55 0.9 463680 0.6 8.58553e+07 5.98227e+07 0.731034 0.00239676 3.27459e-05 0.072407 0.00014437 0.148926 0.000620532 3.3861e-07 3.42002e-05 0.0050629 0.00468626 7.54021e-06 0.000209489 3.44862e-09 3.90113e-07 8.92707e-12 0.000577994 5.89164e-06 1.18417e-06 6.73844e-06 0.0311109 9.5979e-07 3.29226e-05 5.93734e-12 0.000292799 4.54442e-07 0.00237058 3.36633e-05 3.43839e-06 
0.0509465 2136.67 1733.76 2.86542 0.862333 2620 1.76111 1.168 1321.33 934.45 525.95 0.55 0.9 469133 0.6 8.61904e+07 8.11836e+07 0.736336 0.00240237 3.78605e-05 0.0645386 0.000159389 0.156403 0.000783595 2.71976e-07 3.06302e-05 0.00547931 0.0045478 6.16131e-06 0.000213393 3.55421e-09 4.21293e-07 7.27455e-12 0.000506243 4.71431e-06 1.0055e-06 5.99464e-06 0.0258796 6.47759e-07 4.15628e-05 4.14207e-12 0.000319856 4.6405e-07 0.00226933 2.84436e-05 2.98083e-06 
0.0509709 2177.77 1735.96 2.9255 0.862333 2620 1.75993 1.168 1321.54 934.45 525.95 0.55 0.9 474052 0.6 8.65311e+07 1.01163e+08 0.74134 0.00239562 4.34478e-05 0.0570896 0.000174745 0.163385 0.000978452 2.18539e-07 2.68611e-05 0.00589901 0.00433628 5.02934e-06 0.00021545 3.7781e-09 4.64393e-07 6.01492e-12 0.000429089 3.64968e-06 8.35499e-07 5.16761e-06 0.0211281 4.3303e-07 5.09953e-05 2.9359e-12 0.000341249 4.55827e-07 0.00212427 2.34129e-05 2.4806e-06 
0.0509953 2214.93 1738.13 2.98001 0.862333 2620 1.75877 1.168 1321.75 934.45 525.95 0.55 0.9 478398 0.6 8.68696e+07 1.19377e+08 0.745965 0.00237682 4.9484e-05 0.0501425 0.000190464 0.169799 0.00120772 1.77132e-07 2.3101e-05 0.00631985 0.0040627 4.12439e-06 0.000215417 4.10067e-09 5.17585e-07 5.07413e-12 0.000350752 2.72825e-06 6.80155e-07 4.31443e-06 0.0169069 2.85589e-07 6.06194e-05 2.13136e-12 0.000354756 4.29572e-07 0.00194108 1.87601e-05 1.97334e-06 
0.0510197 2247.68 1740.26 3.02826 0.862333 2620 1.75763 1.168 1321.95 934.45 525.95 0.55 0.9 482145 0.6 8.71987e+07 1.35491e+08 0.750149 0.00234677 5.59356e-05 0.0437607 0.000206716 0.175592 0.00147316 1.46411e-07 1.95189e-05 0.00673972 0.00374026 3.42004e-06 0.000212897 4.49674e-09 5.77978e-07 4.39317e-12 0.000275469 1.96504e-06 5.43256e-07 3.48851e-06 0.0132439 1.84903e-07 6.95977e-05 1.59899e-12 0.000358494 3.87423e-07 0.00172837 1.4627e-05 1.49443e-06 
0.0510441 2275.7 1742.35 3.06976 0.862333 2620 1.75652 1.168 1322.15 934.45 525.95 0.55 0.9 485283 0.6 8.75116e+07 1.49249e+08 0.753853 0.00230678 6.27548e-05 0.0379863 0.000223836 0.180732 0.00177517 1.25032e-07 1.62334e-05 0.00715599 0.003383 2.88651e-06 0.000207348 4.93072e-09 6.41102e-07 3.92552e-12 0.00020701 1.36042e-06 4.26421e-07 2.73294e-06 0.0101441 1.16882e-07 7.69335e-05 1.25072e-12 0.000351232 3.33612e-07 0.00149699 1.10976e-05 1.07302e-06 
0.0510686 2298.82 1744.39 3.10424 0.862333 2620 1.75544 1.168 1322.34 934.45 525.95 0.55 0.9 487817 0.6 8.78026e+07 1.60486e+08 0.75706 0.00225854 6.98726e-05 0.0328396 0.000242295 0.185209 0.0021121 1.11795e-07 1.33153e-05 0.0075647 0.00300479 2.49366e-06 0.00019818 5.35358e-09 7.00556e-07 3.63489e-12 0.000148221 9.02872e-07 3.29431e-07 2.07643e-06 0.00758967 7.17312e-08 8.162e-05 1.02764e-12 0.000332706 2.73763e-07 0.001259 8.19766e-06 7.2767e-07 
0.051093 2317.03 1746.37 3.13168 0.862333 2620 1.7544 1.168 1322.52 934.45 525.95 0.55 0.9 489766 0.6 8.80668e+07 1.69141e+08 0.759775 0.00220407 7.71902e-05 0.0283205 0.000262614 0.189038 0.0024794 1.05697e-07 1.07962e-05 0.00795994 0.00261881 2.21316e-06 0.000184956 5.70452e-09 7.48233e-07 3.49305e-12 0.000100701 5.72788e-07 2.50748e-07 1.53229e-06 0.005543 4.25091e-08 8.28517e-05 8.91001e-13 0.000303843 2.13858e-07 0.00102646 5.90198e-06 4.64528e-07 
0.0511174 2330.49 1748.3 3.15231 0.862333 2620 1.75338 1.168 1322.7 934.45 525.95 0.55 0.9 491166 0.6 8.83e+07 1.75265e+08 0.762024 0.00214559 8.45736e-05 0.0244108 0.000285231 0.192252 0.00286903 1.059e-07 8.67971e-06 0.00833382 0.00223731 2.01975e-06 0.00016764 5.92011e-09 7.7553e-07 3.47731e-12 6.46804e-05 3.46382e-07 1.88096e-07 1.10028e-06 0.00395067 2.42119e-08 8.02462e-05 8.15605e-13 0.000266817 1.59132e-07 0.000810216 4.14765e-06 2.78478e-07 
0.0511418 2339.54 1750.17 3.1666 0.862333 2620 1.7524 1.168 1322.88 934.45 525.95 0.55 0.9 492064 0.6 8.84994e+07 1.79017e+08 0.763847 0.00208535 9.18557e-05 0.0210773 0.000310324 0.194904 0.00326937 1.11636e-07 6.94939e-06 0.00867726 0.0018716 1.89166e-06 0.000146817 5.95078e-09 7.75586e-07 3.56777e-12 3.91699e-05 1.99189e-07 1.38968e-07 7.70289e-07 0.00274865 1.32065e-08 7.3999e-05 7.84973e-13 0.000224822 1.1317e-07 0.000618668 2.85009e-06 1.56599e-07 
0.0511662 2344.65 1751.98 3.17521 0.862333 2620 1.75145 1.168 1323.05 934.45 525.95 0.55 0.9 492522 0.6 8.86626e+07 1.80646e+08 0.765297 0.0020255 9.88488e-05 0.0182753 0.000337662 0.197057 0.00366614 1.22079e-07 5.57389e-06 0.00898153 0.00153172 1.81061e-06 0.000123725 5.77879e-09 7.45825e-07 3.74487e-12 2.23328e-05 1.08744e-07 1.0098e-07 5.26709e-07 0.00186826 6.88307e-09 6.4889e-05 7.87906e-13 0.000181548 7.74973e-08 0.000456947 1.91825e-06 8.2638e-08 
0.0511906 2346.39 1753.73 3.17896 0.862333 2620 1.75053 1.168 1323.21 934.45 525.95 0.55 0.9 492605 0.6 8.87885e+07 1.80468e+08 0.766429 0.00196792 0.000105367 0.0159521 0.000366536 0.198785 0.00404414 1.36266e-07 4.51087e-06 0.00924024 0.00122587 1.76172e-06 0.000100057 5.42826e-09 6.89509e-07 3.98789e-12 1.19857e-05 5.63092e-08 7.20304e-08 3.52233e-07 0.00124193 3.42418e-09 5.41065e-05 8.16093e-13 0.000140475 5.17538e-08 0.000326635 1.26622e-06 4.0994e-08 
0.051215 2345.4 1755.41 3.17872 0.862333 2620 1.74965 1.168 1323.36 934.45 525.95 0.55 0.9 492384 0.6 8.88764e+07 1.78288e+08 0.767297 0.0019141 0.000111249 0.0140509 0.00039583 0.200159 0.00438947 1.53079e-07 3.71116e-06 0.00945077 0.000959758 1.7333e-06 7.75856e-05 4.96006e-09 6.15271e-07 4.27485e-12 6.05249e-06 2.75983e-08 5.03289e-08 2.30463e-07 0.000807918 1.62326e-09 4.2965e-05 8.62607e-13 0.000104248 3.43194e-08 0.000226146 8.20016e-07 1.91492e-08 
0.0512395 2342.3 1757.04 3.17538 0.862333 2620 1.7484 1.168 1323.52 934.45 525.95 0.55 0.9 491926 0.6 8.89264e+07 1.75796e+08 0.767953 0.0018651 0.00011638 0.0125134 0.000424175 0.201247 0.00469124 1.71296e-07 3.12316e-06 0.00961465 0.000736181 1.71661e-06 5.78078e-05 4.45536e-09 5.35026e-07 4.5834e-12 2.8375e-06 1.25475e-08 3.43624e-08 1.47198e-07 0.000513275 7.19948e-10 3.26327e-05 9.21085e-13 7.43895e-05 2.30427e-08 0.000151697 5.19703e-07 8.32983e-09 
0.0512883 2331.46 1760.12 3.16175 0.862333 2620 1.74683 1.168 1323.8 934.45 525.95 0.55 0.9 490485 0.6 8.89127e+07 1.68335e+08 0.768766 0.00178306 0.000124225 0.0103585 0.000473719 0.202752 0.00514217 2.08006e-07 2.41648e-06 0.00981744 0.000416037 1.69921e-06 2.96655e-05 3.61696e-09 3.98115e-07 5.20692e-12 6.32456e-07 2.74716e-09 1.59049e-08 6.06242e-08 0.000211798 1.52039e-10 1.70846e-05 1.05711e-12 3.56251e-05 1.26637e-08 6.6999e-05 2.12472e-07 1.61914e-09 
0.0513371 2317.83 1762.98 3.14374 0.862333 2620 1.74538 1.168 1324.06 934.45 525.95 0.55 0.9 488715 0.6 8.87553e+07 1.59256e+08 0.769207 0.00172109 0.00012912 0.00899957 0.000508977 0.20373 0.00540939 2.40325e-07 2.05386e-06 0.00991623 0.000222989 1.68419e-06 1.39192e-05 3.12104e-09 3.12936e-07 5.75743e-12 1.24018e-07 5.32531e-10 7.00275e-09 2.39718e-08 8.47944e-05 2.88545e-11 8.07065e-06 1.18866e-12 1.57341e-05 8.79386e-09 2.8e-05 8.39356e-08 2.80318e-10 
0.0513859 2303.23 1765.61 3.124 0.862333 2620 1.74405 1.168 1324.3 934.45 525.95 0.55 0.9 486818 0.6 8.84641e+07 1.49945e+08 0.769442 0.001675 0.0001317 0.00815156 0.000529719 0.204397 0.00553468 2.66329e-07 1.86344e-06 0.00995845 0.00011498 1.66622e-06 6.19844e-06 2.91471e-09 2.73446e-07 6.21232e-12 2.23621e-08 9.51185e-11 2.97289e-09 9.24671e-09 3.33848e-05 5.12214e-12 3.55939e-06 1.30196e-12 6.58172e-06 7.34086e-09 1.12905e-05 3.24762e-08 4.53868e-11 
0.0514348 2288.55 1768.05 3.10391 0.862333 2620 1.74282 1.168 1324.53 934.45 525.95 0.55 0.9 484899 0.6 8.80497e+07 1.40654e+08 0.769565 0.00164013 0.000132646 0.00761708 0.000538778 0.204883 0.0055639 2.8645e-07 1.75611e-06 0.00997366 5.74935e-05 1.64535e-06 2.73072e-06 2.87705e-09 2.61797e-07 6.58185e-12 3.79731e-09 1.6015e-11 1.22497e-09 3.50082e-09 1.2958e-05 8.66016e-13 1.51082e-06 1.39454e-12 2.65097e-06 6.7488e-09 4.43165e-06 1.23587e-08 7.01123e-12 
0.0514836 2274.2 1770.29 3.08412 0.862333 2620 1.74119 1.168 1324.73 934.45 525.95 0.55 0.9 483006 0.6 8.75232e+07 1.32182e+08 0.769631 0.00161259 0.000132519 0.00726802 0.000539688 0.205265 0.00553378 3.02022e-07 1.68878e-06 0.00997715 2.74577e-05 1.62291e-06 1.22004e-06 2.91658e-09 2.63632e-07 6.88764e-12 5.35616e-10 2.21757e-12 4.68136e-10 1.24021e-09 4.70148e-06 1.22977e-13 6.1435e-07 1.4696e-12 9.90461e-07 6.4603e-09 1.61391e-06 4.40254e-09 9.18569e-13 
0.0515812 2246.98 1774.24 3.04632 0.862333 2620 1.73929 1.168 1325.09 934.45 525.95 0.55 0.9 479367 0.6 8.61712e+07 1.16682e+08 0.769676 0.00157109 0.000130249 0.00688277 0.000525955 0.205857 0.0053721 3.2301e-07 1.60906e-06 0.00997102 7.90648e-06 1.57688e-06 4.87108e-07 3.07241e-09 2.82501e-07 7.36119e-12 2.91964e-11 1.24977e-13 1.00139e-10 2.40968e-10 9.30664e-07 6.61233e-15 1.76472e-07 1.57807e-12 2.06795e-07 6.16077e-09 3.18408e-07 8.62743e-10 4.06803e-14 
0.0516789 2221.67 1777.56 3.01105 0.862333 2620 1.73771 1.168 1325.39 934.45 525.95 0.55 0.9 475937 0.6 8.44805e+07 1.02919e+08 0.769692 0.00153678 0.00012696 0.00663552 0.000504778 0.206366 0.00516965 3.37925e-07 1.55299e-06 0.00996214 2.41644e-06 1.53455e-06 3.37903e-07 3.23741e-09 3.04545e-07 7.76511e-12 1.92754e-12 1.02947e-14 2.29531e-11 5.63453e-11 1.94081e-07 3.53855e-16 8.41836e-08 1.66211e-12 5.21521e-08 5.91286e-09 6.75118e-08 2.00483e-10 1.90483e-15 
0.0517766 2198.14 1780.31 2.97821 0.862333 2620 1.73641 1.168 1325.63 934.45 525.95 0.55 0.9 472707 0.6 8.25188e+07 9.08504e+07 0.769697 0.00150569 0.000123287 0.0064371 0.000481347 0.206837 0.00495984 3.49545e-07 1.50704e-06 0.00995327 8.69587e-07 1.49738e-06 3.06733e-07 3.39802e-09 3.26825e-07 8.14122e-12 4.17647e-13 3.9638e-15 6.49552e-12 2.06279e-11 4.64023e-08 2.38919e-17 6.04869e-08 1.73396e-12 2.05157e-08 5.67352e-09 1.77201e-08 7.15624e-11 1.52386e-16 
0.0518742 2176.24 1782.56 2.94761 0.862333 2620 1.73535 1.168 1325.84 934.45 525.95 0.55 0.9 469666 0.6 8.03452e+07 8.02428e+07 0.7697 0.00147632 0.000119491 0.00625602 0.000457717 0.207286 0.00475483 3.59067e-07 1.46658e-06 0.00994493 4.26487e-07 1.46535e-06 3.00348e-07 3.55342e-09 3.48903e-07 8.50637e-12 2.98916e-13 3.4652e-15 2.87997e-12 1.27809e-11 1.56604e-08 3.70704e-18 5.09901e-08 1.7988e-12 1.33892e-08 5.43993e-09 7.35446e-09 4.37037e-11 4.91593e-17 
0.0519719 2155.84 1784.38 2.91908 0.862333 2620 1.73424 1.168 1326 934.45 525.95 0.55 0.9 466803 0.6 7.80119e+07 7.09902e+07 0.769702 0.00144815 0.000115687 0.00608157 0.000434705 0.207718 0.00455891 3.67004e-07 1.42962e-06 0.00993721 2.93573e-07 1.43792e-06 2.99892e-07 3.70385e-09 3.70699e-07 8.86606e-12 2.74298e-13 3.34069e-15 2.02636e-12 1.042e-11 8.68825e-09 1.80266e-18 4.49789e-08 1.85856e-12 1.13376e-08 5.21387e-09 4.90759e-09 3.58358e-11 3.78095e-17 
0.0521672 2119.28 1786.84 2.86791 0.862333 2620 1.73329 1.168 1326.22 934.45 525.95 0.55 0.9 461595 0.6 7.30615e+07 5.58544e+07 0.769704 0.00139464 0.0001082 0.00574117 0.00039142 0.208535 0.00419786 3.78512e-07 1.36169e-06 0.00992356 2.52133e-07 1.3945e-06 3.03868e-07 3.98652e-09 4.12769e-07 9.56115e-12 2.52507e-13 3.18785e-15 1.81731e-12 8.67397e-12 6.79073e-09 1.55182e-18 3.63416e-08 1.96193e-12 1.00233e-08 4.78699e-09 4.01539e-09 3.07274e-11 3.45635e-17 
0.0523625 2086.88 1788.07 2.82255 0.862333 2620 1.7329 1.168 1326.33 934.45 525.95 0.55 0.9 456905 0.6 6.78828e+07 4.40222e+07 0.769707 0.00134464 0.000101078 0.00541032 0.000352221 0.209295 0.00387379 3.85912e-07 1.29914e-06 0.00991167 2.50075e-07 1.3613e-06 3.10322e-07 4.25247e-09 4.53671e-07 1.0239e-11 2.37754e-13 3.05827e-15 1.80933e-12 7.62337e-12 6.36417e-09 1.60216e-18 2.98559e-08 2.04944e-12 9.2507e-09 4.39667e-09 3.66151e-09 2.78263e-11 3.34541e-17 
0.0525578 2058.02 1788.34 2.78214 0.862333 2620 1.73296 1.168 1326.35 934.45 525.95 0.55 0.9 452671 0.6 6.26864e+07 3.47431e+07 0.76971 0.00129808 9.44006e-05 0.00509221 0.000317089 0.21 0.00358355 3.89793e-07 1.24007e-06 0.00990125 2.56167e-07 1.33513e-06 3.18109e-07 4.50051e-09 4.93033e-07 1.08887e-11 2.26514e-13 2.93755e-15 1.84093e-12 6.88138e-12 6.18679e-09 1.70908e-18 2.48473e-08 2.12046e-12 8.67347e-09 4.04271e-09 3.42779e-09 2.58333e-11 3.28748e-17 
0.0527531 2032.23 1787.84 2.74603 0.862333 2620 1.73381 1.168 1326.31 934.45 525.95 0.55 0.9 448842 0.6 5.76252e+07 2.74178e+07 0.769713 0.00125488 8.82087e-05 0.00479027 0.000285848 0.210648 0.0033241 3.90702e-07 1.18372e-06 0.00989207 2.65152e-07 1.31384e-06 3.26599e-07 4.72963e-09 5.30496e-07 1.15003e-11 2.17449e-13 2.82117e-15 1.88739e-12 6.33355e-12 6.10272e-09 1.84218e-18 2.09237e-08 2.17481e-12 8.2087e-09 3.72376e-09 3.25078e-09 2.44049e-11 3.25302e-17 
0.0531438 1989.05 1785.03 2.68555 0.862333 2620 1.73718 1.168 1326.06 934.45 525.95 0.55 0.9 442324 0.6 4.83844e+07 1.73573e+07 0.769718 0.00117801 7.72981e-05 0.00424547 0.000234111 0.211777 0.00288908 3.85025e-07 1.0781e-06 0.00987704 2.87505e-07 1.2811e-06 3.43837e-07 5.12039e-09 5.97122e-07 1.25528e-11 2.02904e-13 2.59314e-15 1.99605e-12 5.61609e-12 6.0879e-09 2.15207e-18 1.5371e-08 2.23134e-12 7.48108e-09 3.1829e-09 2.99702e-09 2.26532e-11 3.20528e-17 
0.053925 1925.09 1774.85 2.59595 0.862333 2620 1.74321 1.168 1325.14 934.45 525.95 0.55 0.9 432449 0.6 3.32752e+07 7.76783e+06 0.769727 0.00105633 6.06637e-05 0.00337784 0.000162657 0.213496 0.00225982 3.58396e-07 8.96092e-07 0.00985551 3.4023e-07 1.23224e-06 3.75964e-07 5.69177e-09 7.02283e-07 1.40415e-11 1.80755e-13 2.17979e-15 2.20853e-12 4.90216e-12 6.30459e-09 2.85885e-18 9.20814e-09 2.20035e-12 6.42194e-09 2.40193e-09 2.67176e-09 2.12617e-11 3.11008e-17 
0.0547062 1876.36 1761.99 2.52789 0.862333 2620 1.75031 1.168 1323.97 934.45 525.95 0.55 0.9 424815 0.6 2.18947e+07 3.42034e+06 0.769735 0.000963047 4.85277e-05 0.00269983 0.000115654 0.214786 0.00180935 3.23443e-07 7.40927e-07 0.00983945 3.99836e-07 1.18428e-06 4.05656e-07 6.08621e-09 7.83523e-07 1.48933e-11 1.62782e-13 1.82743e-15 2.3926e-12 4.57021e-12 6.64608e-09 3.66469e-18 5.92369e-09 2.05099e-12 5.58545e-09 1.86098e-09 2.43731e-09 2.10309e-11 2.99536e-17 
0.0554875 1837.8 1747.98 2.4742 0.862333 2620 1.76189 1.168 1322.67 934.45 525.95 0.55 0.9 418725 0.6 1.38188e+07 1.26823e+06 0.769741 0.000891017 3.95823e-05 0.00217186 8.41021e-05 0.215764 0.00147756 2.8703e-07 6.11156e-07 0.00982694 4.62007e-07 1.13288e-06 4.32325e-07 6.33817e-09 8.43651e-07 1.51861e-11 1.47449e-13 1.53721e-15 2.53332e-12 4.41424e-12 7.02862e-09 4.50886e-18 4.01909e-09 1.83925e-12 4.88537e-09 1.47792e-09 2.24575e-09 2.13431e-11 2.86273e-17 
0.05705 1781.9 1718.84 2.39672 0.862333 2620 1.77781 1.168 1319.9 934.45 525.95 0.55 0.9 409863 0.6 4.86839e+06 -42657.6 0.76975 0.000795113 2.84609e-05 0.00148584 4.92588e-05 0.217021 0.00105764 2.28044e-07 4.31492e-07 0.00980966 5.79624e-07 1.03354e-06 4.76679e-07 6.59282e-09 9.22316e-07 1.49041e-11 1.25044e-13 1.14419e-15 2.69288e-12 4.32148e-12 7.69848e-09 6.05409e-18 2.15396e-09 1.43566e-12 3.85776e-09 1.01971e-09 1.94487e-09 2.25466e-11 2.62155e-17 
0.0586125 1738.08 1690.02 2.33636 0.862333 2620 1.79376 1.168 1317.06 934.45 525.95 0.55 0.9 402924 0.6 237156 -554468 0.769756 0.000731386 2.13597e-05 0.00103184 3.00719e-05 0.217847 0.000781231 1.79346e-07 3.04585e-07 0.00979704 6.94765e-07 9.26967e-07 5.16677e-07 6.64739e-09 9.68673e-07 1.38469e-11 1.07746e-13 8.73647e-16 2.74658e-12 4.35756e-12 8.32035e-09 7.48019e-18 1.2465e-09 1.06512e-12 3.07401e-09 7.39221e-10 1.68771e-09 2.42269e-11 2.39547e-17 
0.060175 1701.36 1662.21 2.28605 0.862333 2620 1.81696 1.168 1314.22 934.45 525.95 0.55 0.9 397126 0.6 -2.16385e+06 -714644 0.769761 0.000687912 1.65419e-05 0.000725383 1.88819e-05 0.218411 0.000588924 1.40601e-07 2.15013e-07 0.00978745 8.06566e-07 8.19808e-07 5.54435e-07 6.5837e-09 9.94783e-07 1.24261e-11 9.39825e-14 6.81898e-16 2.7202e-12 4.46195e-12 8.86399e-09 8.68214e-18 7.57953e-10 7.64518e-13 2.46802e-09 5.55148e-10 1.45919e-09 2.62332e-11 2.18921e-17 
0.0633 1641.08 1610.17 2.20401 0.862333 2620 1.85495 1.168 1308.64 934.45 525.95 0.55 0.9 387662 0.6 -3.66225e+06 -543256 0.769767 0.00063978 1.10562e-05 0.000400006 8.52866e-06 0.219033 0.000362349 9.28951e-08 1.17151e-07 0.00977473 1.02132e-06 6.44258e-07 6.29377e-07 6.46633e-09 1.04572e-06 1.00803e-11 7.60648e-14 4.63605e-16 2.55985e-12 4.77857e-12 9.45997e-09 1.02633e-17 3.26692e-10 4.11649e-13 1.69081e-09 3.51461e-10 1.0898e-09 3.09218e-11 1.89368e-17 
0.0680875 1563.08 1537.64 2.09851 0.862333 2620 1.90006 1.168 1300.23 934.45 525.95 0.55 0.9 375375 0.6 -3.51089e+06 -387419 0.769772 0.0006068 6.51966e-06 0.000186255 2.73564e-06 0.219478 0.000180562 5.04928e-08 4.97028e-08 0.00976322 1.35726e-06 4.38589e-07 7.53553e-07 6.19073e-09 1.10746e-06 7.10105e-12 5.635e-14 2.76717e-16 2.12003e-12 5.55535e-12 9.44478e-09 1.03994e-17 1.00766e-10 1.50512e-13 9.75073e-10 1.91754e-10 6.49877e-10 4.10096e-11 1.49352e-17 
0.072875 1493.86 1471.5 2.00524 0.862333 2620 1.9452 1.168 1291.87 934.45 525.95 0.55 0.9 364321 0.6 -2.62293e+06 -93491.3 0.769775 0.000592976 3.69604e-06 9.88064e-05 7.75095e-07 0.219684 8.42907e-05 2.37573e-08 2.07564e-08 0.00975668 1.69022e-06 2.84374e-07 8.89598e-07 5.48973e-09 1.08195e-06 4.39086e-12 3.79734e-14 1.49224e-16 1.56865e-12 6.72347e-12 8.66508e-09 7.71917e-18 2.90051e-11 4.20554e-14 5.166e-10 1.00656e-10 3.30669e-10 5.62969e-11 1.03746e-17 
0.0776625 1427.59 1408 1.92133 0.86 2620 1.69109 1.15014 1283.16 986.375 683 0.55 0.9 386972 0.6 -1.62954e+06 -748227 0.769776 0.000587644 1.89455e-06 6.52838e-05 1.7873e-07 0.219777 3.46902e-05 9.08149e-09 9.09016e-09 0.00975333 1.9937e-06 1.83704e-07 1.04652e-06 4.44881e-09 9.68777e-07 2.47349e-12 2.20981e-14 6.74016e-17 1.2294e-12 8.46018e-12 7.4791e-09 4.30754e-18 7.01741e-12 9.02626e-15 2.37997e-10 4.75441e-11 1.38618e-10 8.08305e-11 6.10197e-18 
0.0800562 1394.78 1375.28 1.87712 0.86 2620 1.71253 1.15014 1278.4 986.375 683 0.55 0.9 381049 0.6 -1.15458e+06 -14751.8 0.769777 0.000586341 1.21168e-06 5.61109e-05 7.01839e-08 0.219803 1.969e-05 4.5391e-09 5.64431e-09 0.00975232 2.1165e-06 1.45627e-07 1.12807e-06 3.64035e-09 8.33444e-07 1.65875e-12 1.46744e-14 3.77583e-17 1.24056e-12 9.72898e-12 6.92654e-09 2.71763e-18 2.92134e-12 3.39665e-15 1.41426e-10 2.91055e-11 7.86655e-11 9.98213e-11 4.05129e-18 
0.08245 1362.38 1343.01 1.83349 0.86 2620 1.7347 1.15014 1273.51 986.375 683 0.55 0.9 375142 0.6 -761233 203200 0.769777 0.000585693 7.33423e-07 5.11677e-05 2.59417e-08 0.219819 1.05216e-05 2.0504e-09 3.49063e-09 0.00975172 2.20949e-06 1.20674e-07 1.21076e-06 2.84012e-09 6.84888e-07 1.11057e-12 8.96269e-15 1.95214e-17 1.48976e-12 1.14804e-11 6.48275e-09 1.61804e-18 1.12722e-12 1.30949e-15 7.85079e-11 1.68326e-11 4.2186e-11 1.26866e-10 2.48031e-18 
0.0848437 1329.99 1310.49 1.78988 0.86 2620 1.75814 1.15014 1268.38 986.375 683 0.55 0.9 369175 0.6 -353867 417633 0.769777 0.000585397 4.16904e-07 4.8595e-05 9.27534e-09 0.219828 5.24456e-06 8.30462e-10 2.10909e-09 0.00975138 2.27436e-06 1.06526e-07 1.29185e-06 2.10463e-09 5.36415e-07 7.54275e-13 4.96095e-15 9.50044e-18 2.08091e-12 1.4058e-11 6.18246e-09 9.40189e-19 3.9955e-13 5.72639e-16 4.02694e-11 9.11929e-12 2.14737e-11 1.67897e-10 1.39678e-18 
0.0872375 1297.05 1277.05 1.74554 0.86 2620 1.79699 1.15014 1262.89 986.375 683 0.55 0.9 363040 0.6 314661 525017 0.769777 0.000585275 2.20721e-07 4.73125e-05 3.34544e-09 0.219832 2.41226e-06 3.00715e-10 1.23049e-09 0.00975121 2.31619e-06 1.01333e-07 1.36699e-06 1.47877e-09 4.00284e-07 5.2504e-13 2.45556e-15 4.63239e-18 3.17931e-12 1.80097e-11 6.02218e-09 5.65797e-19 1.28545e-13 3.10921e-16 1.88252e-11 4.585e-12 1.04928e-11 2.3349e-10 7.39358e-19 
0.092025 1228.36 1206.58 1.6531 0.86 2620 1.85037 1.15014 1250.54 986.375 683 0.55 0.9 350022 0.6 4.57983e+06 -2.00929e+06 0.769777 0.000585228 6.39031e-08 4.65942e-05 6.63566e-10 0.219835 5.08718e-07 5.06046e-11 4.74992e-10 0.00975101 2.35515e-06 1.13011e-07 1.54207e-06 8.13563e-10 2.50668e-07 3.53027e-13 6.38344e-16 2.45094e-18 7.42609e-12 3.18846e-11 6.02339e-09 4.69628e-19 1.28855e-14 1.72211e-16 4.0673e-12 1.17984e-12 3.32e-12 4.95904e-10 3.31654e-19 
0.1016 1228.36 1144.37 1.6531 0.86 2620 1.87702 1.15014 1238.72 986.375 683 0.55 0.9 350022 0.6 7.8391e+07 720755 0.769777 0.000585228 6.39031e-08 4.65942e-05 6.63566e-10 0.219835 5.08718e-07 5.06046e-11 4.74992e-10 0.00975101 2.35515e-06 1.13011e-07 1.54207e-06 8.13563e-10 2.50668e-07 3.53027e-13 6.38344e-16 2.45094e-18 7.42609e-12 3.18846e-11 6.02339e-09 4.69628e-19 1.28855e-14 1.72211e-16 4.0673e-12 1.17984e-12 3.32e-12 4.95904e-10 3.31654e-19 
