#x Tg Ts u porosity solidDensity effectiveSolidHeatConductivity tortuosity_factor solidHeatCapacity specificArea extinctionCoefficient scatteringAlbedo emissivity hv insulationTransmissivity divq divSolidHeatConduction N2 H2 H O2 O H2O OH H2O2 HO2 NO N2O NO2 HNO HNO2 HONO HONO2 N2H2 H2NN NH2OH HNOH NH3 N2H4 N NO3 NH NNH NH2 H2NO N2H3 
0 300 300 0.352211 0.824933 4320 0.378802 1.343 574.643 1591.82 1340.4 0.55 0.9 306658 0.6 -17.393 -nan 0.658284 -2.36689e-19 2.34934e-18 0.199873 3.94553e-18 -3.32844e-22 3.33246e-21 -3.91919e-18 1.81459e-19 -2.02378e-20 4.15753e-19 3.04307e-24 -1.19476e-20 -1.42723e-20 4.35881e-18 -1.9529e-21 1.01287e-17 1.0679e-21 -6.55882e-20 -1.11791e-22 0.141843 3.235e-18 -4.3463e-18 7.69356e-25 2.58638e-27 5.88519e-35 -3.86564e-22 -2.72636e-18 -4.53595e-21 
0.01915 300.058 300.061 0.352279 0.824933 4320 0.378718 1.343 574.717 1591.82 1340.4 0.55 0.9 306691 0.6 -277.794 -792.836 0.658284 3.09398e-17 1.16419e-23 0.199873 -6.30157e-19 -1.38098e-19 -2.80313e-24 -3.91919e-18 7.82477e-17 -8.8517e-18 4.15753e-19 1.576e-21 -1.19413e-20 -1.42723e-20 4.35881e-18 -1.9529e-21 1.01287e-17 4.16006e-23 -6.55882e-20 -1.11791e-22 0.141843 3.235e-18 -2.28499e-19 7.67784e-25 6.74626e-25 2.5565e-32 -2.48165e-19 -2.72636e-18 -4.53595e-21 
0.028725 300.346 300.38 0.352617 0.824933 4320 0.378434 1.343 575.099 1591.82 1340.4 0.55 0.9 306852 0.6 -1680.09 -8938.38 0.658284 1.38811e-15 1.17886e-28 0.199873 -7.85884e-19 -2.26888e-19 -3.62752e-24 -3.91919e-18 7.82481e-17 -9.2935e-18 4.15753e-19 1.63539e-21 -1.19381e-20 -1.42723e-20 4.35881e-18 -1.9529e-21 1.01287e-17 3.10526e-24 -6.55882e-20 -1.11787e-22 0.141843 3.235e-18 -2.26969e-20 7.66952e-25 5.98521e-26 1.12656e-36 -4.05406e-19 -2.72636e-18 -4.53595e-21 
0.0335125 301.158 301.351 0.35357 0.824933 4320 0.377845 1.343 576.262 1591.82 1340.4 0.55 0.9 307307 0.6 -6193.94 -53783.8 0.658284 3.12015e-14 2.50447e-33 0.199873 -7.67199e-19 -2.46723e-19 -3.6568e-24 -3.91918e-18 7.82482e-17 -9.3336e-18 4.15754e-19 1.67404e-21 -1.19363e-20 -1.42723e-20 4.35881e-18 -1.9529e-21 1.01288e-17 1.22152e-24 -6.55881e-20 -1.11425e-22 0.141843 3.23527e-18 -4.02911e-21 7.66519e-25 2.11492e-26 6.63536e-37 -4.21461e-19 -2.72632e-18 -4.53583e-21 
0.0359063 302.449 303.061 0.355086 0.824933 4320 0.376526 1.343 578.295 1591.82 1340.4 0.55 0.9 308032 0.6 -16364.1 -173805 0.658284 3.65007e-13 6.88514e-34 0.199873 -7.49773e-19 7.11502e-19 -3.75858e-24 -3.91907e-18 7.82528e-17 -9.33792e-18 4.15779e-19 2.97913e-21 -1.19259e-20 -1.42723e-20 4.35881e-18 -1.9529e-21 1.01295e-17 2.40192e-22 -6.55817e-20 -9.65029e-23 0.141843 3.25003e-18 -1.18445e-21 7.66326e-25 1.76154e-24 -2.61819e-37 1.16574e-18 -2.72437e-18 -4.52974e-21 
0.0383 305.823 307.422 0.359048 0.824933 4320 0.374189 1.343 583.404 1591.82 1340.4 0.55 0.9 309925 0.6 -48874.8 -451796 0.658284 5.41419e-12 1.21289e-32 0.199873 -7.27501e-19 5.14803e-17 -4.1568e-24 -3.913e-18 7.85e-17 -9.24181e-18 4.17627e-19 1.01515e-20 -1.14078e-20 -1.42709e-20 4.35889e-18 -1.9529e-21 1.01677e-17 -1.09995e-22 -6.52314e-20 7.2034e-22 0.141843 3.259e-18 -3.22517e-22 7.68693e-25 -8.00373e-25 -2.23003e-35 5.68903e-17 -2.6178e-18 -4.1249e-21 
0.0398625 310.595 314.018 0.36465 0.824933 4320 0.370138 1.343 590.93 1591.82 1340.4 0.55 0.9 312603 0.6 -123302 -965365 0.658284 4.67103e-11 2.84214e-30 0.199873 -7.06451e-19 1.45378e-15 -4.83319e-24 -3.7369e-18 8.56225e-17 -6.38199e-18 4.88655e-19 2.77525e-19 3.62313e-21 -1.42229e-20 4.36177e-18 -1.95284e-21 1.12863e-17 -4.23585e-22 -5.4911e-20 2.46229e-20 0.141843 4.04853e-18 -1.07072e-22 8.71023e-25 -3.12301e-24 -2.78623e-34 1.07097e-15 5.00616e-19 1.02601e-20 
0.041425 320.245 327.054 0.375979 0.824933 4320 0.362561 1.343 605.109 1591.82 1340.4 0.55 0.9 318021 0.6 -341747 -1.88281e+06 0.658284 4.54346e-10 9.0513e-28 0.199873 -6.06133e-19 4.71972e-14 -5.85728e-24 5.29612e-18 3.23299e-16 9.268e-17 3.71618e-18 1.12392e-17 5.21566e-19 -1.22607e-20 4.47953e-18 -1.95019e-21 5.01605e-17 -6.92591e-22 3.05626e-19 8.54086e-19 0.141843 4.18663e-17 -2.915e-23 5.59092e-24 1.20201e-23 8.56797e-32 2.3037e-14 1.08715e-16 6.15002e-19 
0.0429875 339.729 353.041 0.398854 0.824933 4320 0.349136 1.343 630.787 1591.82 1340.4 0.55 0.9 328963 0.6 -979513 -3.49545e+06 0.658284 4.30117e-09 3.84025e-25 0.199873 1.07499e-18 1.45524e-12 2.28457e-23 3.01912e-16 8.04952e-15 3.35766e-15 1.42767e-16 4.35122e-16 1.74972e-17 6.38807e-20 9.04901e-18 -1.83435e-21 1.33741e-15 4.23535e-21 1.22848e-17 2.82303e-17 0.141843 1.71299e-15 -5.29844e-24 2.11351e-22 1.25537e-21 5.81481e-29 4.76213e-13 3.68032e-15 2.47353e-17 
0.04455 378.955 404.469 0.444907 0.824933 4320 0.334914 1.343 672.649 1591.82 1340.4 0.55 0.9 350962 0.6 -2.78476e+06 -6.34366e+06 0.658284 3.77215e-08 2.41236e-22 0.199873 3.49066e-17 4.03931e-11 2.85106e-21 9.15895e-15 2.37293e-13 1.01592e-13 5.57454e-15 1.53121e-14 5.24926e-16 2.74658e-18 1.70044e-16 2.74788e-21 4.0334e-14 5.59126e-19 3.75255e-16 8.52214e-16 0.141843 6.86159e-14 -4.48853e-25 8.32508e-21 9.89707e-20 2.81564e-26 9.02431e-12 1.11179e-13 8.98133e-16 
0.0453313 410.153 448.617 0.481536 0.824933 4320 0.321264 1.343 700.684 1591.82 1340.4 0.55 0.9 368387 0.6 -5.37352e+06 -9.22735e+06 0.658284 1.4618e-07 1.77771e-20 0.199873 3.2314e-16 4.2147e-10 9.7788e-20 1.04244e-13 2.68277e-12 1.16449e-12 8.11409e-14 2.01648e-13 5.97838e-15 3.64958e-17 2.19522e-15 6.71429e-20 4.66077e-13 1.88637e-17 4.32611e-15 9.76275e-15 0.141843 1.02071e-12 1.34727e-25 1.21951e-19 3.84619e-18 2.15166e-24 6.75261e-11 1.27354e-12 1.21853e-14 
0.0461125 457.311 512.171 0.536904 0.824933 4320 0.304975 1.343 731.23 1591.82 1340.4 0.55 0.9 394534 0.6 -1.0554e+07 -1.17402e+07 0.658284 6.15061e-07 2.16034e-18 0.199872 3.52255e-15 5.03207e-09 5.91746e-18 1.384e-12 3.53926e-11 1.55851e-11 1.384e-12 3.10242e-12 7.94542e-14 5.64495e-16 3.38731e-14 1.18604e-18 6.30434e-12 6.41006e-16 5.81925e-14 1.30496e-13 0.141843 1.77639e-11 1.41255e-23 2.09118e-18 1.33138e-16 2.1199e-22 5.77158e-10 1.70169e-11 1.93465e-13 
0.0468937 527.148 602.615 0.618909 0.824933 4320 0.286706 1.343 761.071 1591.82 1340.4 0.55 0.9 432710 0.6 -2.01413e+07 -1.33985e+07 0.658283 2.47215e-06 3.10927e-16 0.199872 4.57449e-14 5.42386e-08 3.64328e-16 1.68876e-11 4.29019e-10 1.91764e-10 2.14335e-11 4.33794e-11 9.73505e-13 7.9566e-15 4.7712e-13 1.8493e-17 7.85571e-11 1.74509e-14 7.18787e-13 1.60382e-12 0.141843 2.75811e-10 1.37983e-21 3.25565e-17 4.95457e-15 1.74304e-20 4.59398e-09 2.08633e-10 2.79898e-12 
0.047675 627.563 727.345 0.736861 0.824933 4320 0.267702 1.343 788.674 1591.82 1340.4 0.55 0.9 486231 0.6 -3.60691e+07 -1.29799e+07 0.65828 9.11552e-06 4.36921e-14 0.199871 9.30304e-13 5.07441e-07 1.91133e-14 1.82678e-10 4.58217e-09 2.09365e-09 2.91225e-10 5.29072e-10 1.08011e-11 9.87992e-14 5.9165e-12 2.5193e-16 8.70412e-10 3.62267e-13 7.86777e-12 1.75876e-11 0.14184 3.54133e-09 1.51596e-19 4.5139e-16 1.87811e-13 1.16575e-18 3.28643e-08 2.25513e-09 3.57195e-11 
0.0484562 764.671 890.524 0.898077 0.824933 4320 0.254072 1.343 816.776 1591.82 1340.4 0.55 0.9 556393 0.6 -5.79104e+07 -1.26146e+07 0.658269 3.04794e-05 3.85875e-12 0.199867 3.5044e-11 4.07635e-06 1.10212e-12 1.72161e-09 4.03769e-08 2.00529e-08 3.43194e-09 5.48376e-09 1.17549e-10 1.07011e-12 6.39047e-11 2.96621e-15 8.48334e-09 6.18786e-12 7.54869e-11 1.74677e-10 0.141829 3.46591e-08 1.73211e-17 5.96536e-15 6.6051e-12 7.05511e-17 2.12488e-07 2.0849e-08 3.97603e-10 
0.0488469 845.943 987.854 0.993861 0.824933 4320 0.247307 1.343 829.263 1591.82 1340.4 0.55 0.9 596431 0.6 -7.2117e+07 -1.40196e+07 0.658255 5.86412e-05 3.80115e-11 0.199861 3.79796e-10 1.453e-05 1.46239e-11 6.46682e-09 1.22658e-07 8.29689e-08 1.68781e-08 2.31316e-08 6.74004e-10 4.9196e-12 2.91319e-10 1.43608e-14 3.59239e-08 4.36753e-11 3.13403e-10 8.23038e-10 0.14181 1.25175e-07 5.31066e-16 4.26823e-14 7.55898e-11 9.09426e-16 6.79783e-07 7.76339e-08 1.79424e-09 
0.0490422 890.531 1041.09 1.04656 0.824933 4320 0.242788 1.343 832.997 1591.82 1340.4 0.55 0.9 617985 0.6 -8.0576e+07 -1.45912e+07 0.658242 8.39381e-05 1.29705e-10 0.199853 1.38112e-09 3.19912e-05 6.28934e-11 1.4079e-08 2.21748e-07 2.05152e-07 4.82542e-08 5.78084e-08 2.15127e-09 1.32953e-11 7.75794e-10 4.0232e-14 9.11029e-08 1.59297e-10 7.76876e-10 2.21952e-09 0.141786 2.78792e-07 4.72067e-15 1.62309e-13 3.40343e-10 4.36493e-15 1.39042e-06 1.73107e-07 4.66695e-09 
0.0492375 938.561 1097.62 1.10351 0.824933 4320 0.239458 1.343 836.507 1591.82 1340.4 0.55 0.9 640935 0.6 -8.94617e+07 -1.49623e+07 0.658222 0.000121731 4.31444e-10 0.199838 4.78529e-09 7.5236e-05 2.6925e-10 3.22493e-08 4.05806e-07 5.5032e-07 1.52932e-07 1.57551e-07 7.38217e-09 3.95353e-11 2.25716e-09 1.24285e-13 2.52329e-07 6.55843e-10 2.08755e-09 6.37691e-09 0.141738 6.83033e-07 4.14032e-14 6.49288e-13 1.45933e-09 2.38114e-14 2.99739e-06 4.12842e-07 1.3215e-08 
0.0493352 963.79 1127.17 1.13352 0.824933 4320 0.237237 1.343 838.27 1591.82 1340.4 0.55 0.9 652914 0.6 -9.41455e+07 -1.64832e+07 0.658208 0.000147788 8.20111e-10 0.199823 9.25236e-09 0.000120602 5.80948e-10 4.95505e-08 5.47654e-07 9.53336e-07 2.95769e-07 2.73302e-07 1.48916e-08 7.34758e-11 4.09315e-09 2.36347e-13 4.47952e-07 1.4607e-09 3.60964e-09 1.12327e-08 0.141692 1.10612e-06 1.41639e-13 1.42799e-12 3.28137e-09 6.16064e-14 4.56278e-06 6.56625e-07 2.32904e-08 
0.0494328 990.033 1157.65 1.16484 0.824933 4320 0.235027 1.343 840.038 1591.82 1340.4 0.55 0.9 665334 0.6 -9.87814e+07 -1.62229e+07 0.65819 0.000180071 1.55988e-09 0.199798 1.77979e-08 0.000198063 1.25758e-09 7.7263e-08 7.40948e-07 1.70505e-06 5.9901e-07 4.89233e-07 3.08973e-08 1.42368e-10 7.68751e-09 4.6959e-13 8.23948e-07 3.39131e-09 6.43184e-09 2.01658e-08 0.141619 1.84719e-06 4.83123e-13 3.21614e-12 7.27981e-09 1.68772e-13 7.06344e-06 1.06709e-06 4.23084e-08 
0.0495305 1017.32 1189.09 1.19753 0.824933 4320 0.233384 1.343 841.807 1591.82 1340.4 0.55 0.9 678185 0.6 -1.03209e+08 -1.69308e+07 0.658169 0.000219922 2.96964e-09 0.199755 3.39583e-08 0.000329048 2.72101e-09 1.20415e-07 9.9938e-07 3.08657e-06 1.23479e-06 8.81411e-07 6.45478e-08 2.80667e-10 1.45728e-08 9.46971e-13 1.53742e-06 7.98944e-09 1.15667e-08 3.61124e-08 0.141503 3.10375e-06 1.62875e-12 7.16936e-12 1.58685e-08 4.78244e-13 1.10225e-05 1.74075e-06 7.71026e-08 
0.0495793 1031.38 1205.17 1.21443 0.824933 4320 0.232287 1.343 842.691 1591.82 1340.4 0.55 0.9 684792 0.6 -1.05348e+08 -1.87842e+07 0.658157 0.000243464 4.15047e-09 0.199722 4.7307e-08 0.000428531 4.0505e-09 1.50413e-07 1.16172e-06 4.20564e-06 1.81258e-06 1.19137e-06 9.49279e-08 4.01778e-10 2.02966e-08 1.37005e-12 2.13179e-06 1.24978e-08 1.56687e-08 4.84475e-08 0.141418 4.03298e-06 3.07919e-12 1.08161e-11 2.37008e-08 8.27045e-13 1.38715e-05 2.23109e-06 1.0454e-07 
0.0496281 1045.76 1221.53 1.23177 0.824933 4320 0.231192 1.343 843.576 1591.82 1340.4 0.55 0.9 691555 0.6 -1.07369e+08 -1.95863e+07 0.658145 0.00026972 5.80743e-09 0.199676 6.58857e-08 0.000561611 6.04576e-09 1.88289e-07 1.35339e-06 5.77994e-06 2.7001e-06 1.62021e-06 1.40692e-07 5.8225e-10 2.85096e-08 2.00609e-12 2.9843e-06 1.97227e-08 2.1376e-08 6.51789e-08 0.141307 5.26527e-06 5.81903e-12 1.63944e-11 3.5323e-08 1.45355e-12 1.75247e-05 2.87042e-06 1.42462e-07 
0.049677 1060.51 1238.16 1.24959 0.824933 4320 0.230098 1.343 844.461 1591.82 1340.4 0.55 0.9 698489 0.6 -1.09226e+08 -2.0571e+07 0.658134 0.000298975 8.14252e-09 0.199612 9.16622e-08 0.000739075 9.04839e-09 2.35742e-07 1.58e-06 7.98371e-06 4.05716e-06 2.20718e-06 2.09241e-07 8.49571e-10 4.01902e-08 2.95427e-12 4.2002e-06 3.12645e-08 2.92619e-08 8.7666e-08 0.141162 6.88e-06 1.09934e-11 2.4772e-11 5.24484e-08 2.58477e-12 2.21964e-05 3.69715e-06 1.94267e-07 
0.0497258 1075.65 1255.09 1.26796 0.824933 4320 0.229005 1.343 845.346 1591.82 1340.4 0.55 0.9 705612 0.6 -1.10866e+08 -2.17772e+07 0.658126 0.000331539 1.1437e-08 0.199523 1.27324e-07 0.000974964 1.35769e-08 2.9468e-07 1.84867e-06 1.10526e-05 6.12207e-06 3.00057e-06 3.11361e-07 1.24258e-09 5.66325e-08 4.35453e-12 5.92361e-06 4.96007e-08 4.00746e-08 1.17609e-07 0.140973 8.96626e-06 2.07301e-11 3.71036e-11 7.75066e-08 4.63319e-12 2.81568e-05 4.75634e-06 2.64107e-07 
0.0497746 1091.24 1272.33 1.28694 0.824933 4320 0.227911 1.343 846.231 1591.82 1340.4 0.55 0.9 712948 0.6 -1.12229e+08 -2.32463e+07 0.658122 0.00036775 1.60881e-08 0.199401 1.76519e-07 0.00128748 2.04237e-08 3.67176e-07 2.16839e-06 1.53028e-05 9.24784e-06 4.05779e-06 4.62595e-07 1.81491e-09 7.95046e-08 6.39935e-12 8.3495e-06 7.85068e-08 5.47764e-08 1.57094e-07 0.140728 1.16181e-05 3.89757e-11 5.485e-11 1.1393e-07 8.34677e-12 3.57474e-05 6.09929e-06 3.56865e-07 
0.0498234 1107.34 1289.89 1.30662 0.824933 4320 0.226817 1.343 847.117 1591.82 1340.4 0.55 0.9 720528 0.6 -1.13242e+08 -2.5021e+07 0.658126 0.000407978 2.26603e-08 0.199232 2.44212e-07 0.00170009 3.08085e-08 4.55377e-07 2.55037e-06 2.11556e-05 1.39533e-05 5.44373e-06 6.85101e-07 2.63822e-09 1.10885e-07 9.34512e-12 1.1738e-05 1.23633e-07 7.45826e-08 2.08629e-07 0.140408 1.49264e-05 7.30334e-11 7.97404e-11 1.66563e-07 1.50783e-11 4.54005e-05 7.78215e-06 4.78018e-07 
0.0498723 1124.05 1307.79 1.32713 0.824933 4320 0.225722 1.343 848.004 1591.82 1340.4 0.55 0.9 728391 0.6 -1.13818e+08 -2.7144e+07 0.658145 0.000452622 3.19611e-08 0.198999 3.37196e-07 0.00224292 4.66266e-08 5.61349e-07 3.00834e-06 2.91674e-05 2.09947e-05 7.22704e-06 1.01011e-06 3.80409e-09 1.53253e-07 1.35191e-11 1.64308e-05 1.93264e-07 1.00997e-07 2.75166e-07 0.139993 1.89654e-05 1.36412e-10 1.13641e-10 2.42264e-07 2.72673e-11 5.76662e-05 9.86323e-06 6.33331e-07 
0.0499211 1141.48 1326.08 1.34863 0.824933 4320 0.224623 1.343 848.892 1591.82 1340.4 0.55 0.9 736590 0.6 -1.13856e+08 -2.96546e+07 0.658187 0.000502119 4.51523e-08 0.198679 4.64845e-07 0.00295434 7.08526e-08 6.86837e-07 3.55897e-06 4.00679e-05 3.14641e-05 9.47315e-06 1.48116e-06 5.42204e-09 2.09387e-07 1.93147e-11 2.28688e-05 2.99261e-07 1.35836e-07 3.60101e-07 0.139456 2.37751e-05 2.54155e-10 1.58287e-10 3.50809e-07 4.9301e-11 7.32478e-05 1.23982e-05 8.28344e-07 
0.0499699 1159.79 1344.76 1.37133 0.824933 4320 0.223521 1.343 849.783 1591.82 1340.4 0.55 0.9 745191 0.6 -1.13234e+08 -3.25849e+07 0.658263 0.000556937 6.3918e-08 0.198239 6.4021e-07 0.00388295 1.0821e-07 8.32908e-07 4.22212e-06 5.48059e-05 4.69215e-05 1.22334e-05 2.15826e-06 7.61006e-09 2.82115e-07 2.71638e-11 3.16088e-05 4.58158e-07 1.81229e-07 4.67258e-07 0.138763 2.93369e-05 4.72914e-10 2.14841e-10 5.06269e-07 8.90452e-11 9.30481e-05 1.54334e-05 1.06762e-06 
0.0500188 1179.21 1363.89 1.39553 0.824933 4320 0.222413 1.343 850.675 1591.82 1340.4 0.55 0.9 754280 0.6 -1.11807e+08 -3.59534e+07 0.658393 0.00061758 9.0717e-08 0.197639 8.8166e-07 0.00508974 1.66294e-07 9.99465e-07 5.02129e-06 7.46072e-05 6.95683e-05 1.55296e-05 3.12315e-06 1.04728e-08 3.73855e-07 3.74686e-11 4.33386e-05 6.92259e-07 2.39587e-07 6.00865e-07 0.13787 3.55456e-05 8.80233e-10 2.83269e-10 7.29149e-07 1.60564e-10 0.00011823 1.89957e-05 1.35374e-06 
0.0500676 1199.99 1383.49 1.42158 0.824933 4320 0.221297 1.343 851.572 1591.82 1340.4 0.55 0.9 763967 0.6 -1.09402e+08 -3.97563e+07 0.658602 0.000684584 1.29164e-07 0.196823 1.2153e-06 0.00665045 2.57484e-07 1.18461e-06 5.98412e-06 0.000101045 0.000102466 1.93357e-05 4.48589e-06 1.40625e-08 4.8587e-07 5.04752e-11 5.8884e-05 1.03046e-06 3.13513e-07 7.65549e-07 0.136724 4.21793e-05 1.64189e-09 3.61585e-10 1.04972e-06 2.88924e-10 0.000150294 2.30814e-05 1.68613e-06 
0.0501164 1222.51 1403.63 1.44996 0.824933 4320 0.220173 1.343 852.472 1591.82 1340.4 0.55 0.9 774390 0.6 -1.05817e+08 -4.39535e+07 0.658924 0.000758511 1.84597e-07 0.19572 1.67849e-06 0.00865802 4.02232e-07 1.38392e-06 7.14317e-06 0.000136129 0.000149797 2.35562e-05 6.39272e-06 1.83221e-08 6.1723e-07 6.60765e-11 7.92048e-05 1.50823e-06 4.05645e-07 9.66407e-07 0.135258 4.88731e-05 3.07486e-09 4.45076e-10 1.51319e-06 5.18648e-10 0.000191164 2.76443e-05 2.05983e-06 
0.0501652 1247.22 1424.34 1.48128 0.824933 4320 0.219039 1.343 853.378 1591.82 1340.4 0.55 0.9 785720 0.6 -1.0081e+08 -4.71522e+07 0.659409 0.000839938 2.64919e-07 0.194238 2.32487e-06 0.0112246 6.34775e-07 1.58962e-06 8.53688e-06 0.000182415 0.00021715 2.80091e-05 9.03489e-06 2.30189e-08 7.6355e-07 8.35643e-11 0.000105372 2.16574e-06 5.184e-07 1.20918e-06 0.133393 5.51078e-05 5.78953e-09 5.25807e-10 2.18767e-06 9.28412e-10 0.000243285 3.25854e-05 2.46435e-06 
0.0502141 1274.69 1445.67 1.51629 0.824933 4320 0.218184 1.343 854.29 1591.82 1340.4 0.55 0.9 798162 0.6 -9.41259e+07 -5.12684e+07 0.66012 0.000929434 3.81772e-07 0.192261 3.23115e-06 0.0144829 1.01291e-06 1.79005e-06 1.02107e-05 0.000243147 0.000311784 3.24167e-05 1.26571e-05 2.76949e-08 9.158e-07 1.01436e-10 0.000138516 3.04273e-06 6.53612e-07 1.50033e-06 0.131032 6.02301e-05 1.09525e-08 5.92965e-10 3.17556e-06 1.65618e-09 0.000309709 3.77514e-05 2.88297e-06 
0.0502385 1289.74 1456.59 1.53555 0.824933 4320 0.217608 1.343 854.748 1591.82 1340.4 0.55 0.9 804904 0.6 -8.99997e+07 -5.52459e+07 0.660595 0.00097771 4.60791e-07 0.191026 3.82693e-06 0.0164419 1.29045e-06 1.88295e-06 1.11797e-05 0.000280715 0.000373142 3.44796e-05 1.49642e-05 2.97881e-08 9.89234e-07 1.0996e-10 0.000158244 3.57769e-06 7.30395e-07 1.66711e-06 0.129613 6.21168e-05 1.524e-08 6.1739e-10 3.84791e-06 2.21732e-09 0.000349945 4.03604e-05 3.0894e-06 
0.0502629 1305.84 1467.69 1.5562 0.824933 4320 0.217028 1.343 855.208 1591.82 1340.4 0.55 0.9 812051 0.6 -8.53224e+07 -5.73947e+07 0.661171 0.0010283 5.56867e-07 0.189591 4.5393e-06 0.0186539 1.65081e-06 1.96769e-06 1.22491e-05 0.00032412 0.000446288 3.63783e-05 1.76713e-05 3.15839e-08 1.05795e-06 1.17633e-10 0.000180363 4.18205e-06 8.13615e-07 1.85024e-06 0.128012 6.33914e-05 2.12568e-08 6.331e-10 4.67318e-06 2.96999e-09 0.000395554 4.29504e-05 3.28934e-06 
0.0502873 1323.12 1478.97 1.57841 0.824933 4320 0.216444 1.343 855.67 1591.82 1340.4 0.55 0.9 819644 0.6 -8.00457e+07 -5.93421e+07 0.661867 0.00108124 6.73939e-07 0.187929 5.39173e-06 0.0211448 2.121e-06 2.04139e-06 1.34274e-05 0.000374217 0.000533065 3.80532e-05 2.08335e-05 3.29639e-08 1.11909e-06 1.23995e-10 0.000205021 4.85509e-06 9.03176e-07 2.05155e-06 0.126209 6.39462e-05 2.97393e-08 6.38393e-10 5.68856e-06 3.97853e-09 0.00044714 4.54896e-05 3.47849e-06 
0.0503117 1341.71 1490.45 1.60237 0.824933 4320 0.215856 1.343 856.134 1591.82 1340.4 0.55 0.9 827728 0.6 -7.41192e+07 -6.10068e+07 0.662702 0.0011366 8.16725e-07 0.18601 6.41248e-06 0.0239417 2.73719e-06 2.10103e-06 1.47239e-05 0.000431976 0.000635463 3.94434e-05 2.45116e-05 3.38154e-08 1.1696e-06 1.28613e-10 0.000232345 5.59307e-06 9.98802e-07 2.27314e-06 0.124182 6.36859e-05 4.1734e-08 6.31997e-10 6.94058e-06 5.32771e-09 0.000505335 4.79452e-05 3.65239e-06 
0.0503361 1361.77 1502.13 1.62827 0.824933 4320 0.215265 1.343 856.6 1591.82 1340.4 0.55 0.9 836346 0.6 -6.749e+07 -6.22935e+07 0.663697 0.00119437 9.90922e-07 0.183802 7.63494e-06 0.0270723 3.54809e-06 2.1435e-06 1.61473e-05 0.000498496 0.000755569 4.04905e-05 2.87713e-05 3.4044e-08 1.20642e-06 1.31108e-10 0.000262419 6.38831e-06 1.09999e-06 2.51738e-06 0.12191 6.25368e-05 5.87374e-08 6.13248e-10 8.48729e-06 7.12847e-09 0.000570777 5.02848e-05 3.80668e-06 
0.0503605 1383.44 1514.02 1.6563 0.824933 4320 0.214669 1.343 857.068 1591.82 1340.4 0.55 0.9 845540 0.6 -6.01038e+07 -6.30925e+07 0.664878 0.00125455 1.2034e-06 0.181272 9.09821e-06 0.0305645 4.61941e-06 2.16585e-06 1.77059e-05 0.000575009 0.000895497 4.11424e-05 3.36809e-05 3.35879e-08 1.22676e-06 1.31202e-10 0.000295277 7.22853e-06 1.20596e-06 2.78684e-06 0.119372 6.04581e-05 8.28931e-08 5.82272e-10 1.0401e-05 9.52501e-09 0.000644084 5.24776e-05 3.93754e-06 
0.050385 1406.87 1526.11 1.68668 0.824933 4320 0.214069 1.343 857.538 1591.82 1340.4 0.55 0.9 855351 0.6 -5.19051e+07 -6.32791e+07 0.66627 0.00131711 1.46246e-06 0.178383 1.08477e-05 0.0344453 6.04006e-06 2.1655e-06 1.94058e-05 0.000662888 0.00105728 4.13572e-05 3.93088e-05 3.24308e-08 1.22838e-06 1.28764e-10 0.000330877 8.09636e-06 1.31557e-06 3.08418e-06 0.116544 5.74528e-05 1.17274e-07 5.40095e-10 1.27714e-05 1.27029e-08 0.000725813 5.44947e-05 4.04205e-06 
0.0504094 1432.23 1538.41 1.71962 0.824933 4320 0.213466 1.343 858.01 1591.82 1340.4 0.55 0.9 865815 0.6 -4.28381e+07 -6.27143e+07 0.667901 0.00138195 1.77806e-06 0.175101 1.29357e-05 0.0387405 7.9304e-06 2.14052e-06 2.12499e-05 0.000763638 0.00124274 4.11072e-05 4.57201e-05 3.06103e-08 1.20993e-06 1.23844e-10 0.000369077 8.96935e-06 1.42723e-06 3.41195e-06 0.113407 5.35761e-05 1.66291e-07 4.88665e-10 1.57093e-05 1.68985e-08 0.000816418 5.63094e-05 4.1188e-06 
0.0504338 1459.66 1550.92 1.75532 0.824933 4320 0.212859 1.343 858.483 1591.82 1340.4 0.55 0.9 876964 0.6 -3.28478e+07 -6.12464e+07 0.669798 0.00144893 2.16217e-06 0.171389 1.54215e-05 0.043473 1.04536e-05 2.08992e-06 2.32358e-05 0.000878883 0.00145326 4.03816e-05 5.29717e-05 2.82202e-08 1.17125e-06 1.1668e-10 0.000409608 9.82047e-06 1.53885e-06 3.77217e-06 0.109939 4.8941e-05 2.36277e-07 4.30715e-10 1.93507e-05 2.24081e-08 0.000916185 5.78958e-05 4.16836e-06 
0.0504582 1489.29 1563.64 1.79397 0.824933 4320 0.212249 1.343 858.957 1591.82 1340.4 0.55 0.9 888816 0.6 -2.18812e+07 -5.87137e+07 0.671991 0.00151785 2.62915e-06 0.167216 1.83718e-05 0.0486623 1.38305e-05 2.01395e-06 2.53532e-05 0.00101034 0.00168958 3.9189e-05 6.11058e-05 2.54027e-08 1.1136e-06 1.07675e-10 0.000452034 1.0619e-05 1.64773e-06 4.16585e-06 0.106124 4.37173e-05 3.36333e-07 3.69495e-10 2.38614e-05 2.95977e-08 0.00102516 5.92269e-05 4.19372e-06 
0.0504826 1521.25 1576.56 1.83572 0.824933 4320 0.211637 1.343 859.432 1591.82 1340.4 0.55 0.9 901382 0.6 -9.88877e+06 -5.49489e+07 0.674508 0.00158839 3.19619e-06 0.162551 2.18601e-05 0.0543225 1.83604e-05 1.91422e-06 2.75806e-05 0.00115977 0.00195146 3.75573e-05 7.01426e-05 2.23327e-08 1.03965e-06 9.73584e-11 0.000495711 1.13322e-05 1.75049e-06 4.59219e-06 0.101948 3.81225e-05 4.79544e-07 3.08369e-10 2.94413e-05 3.89086e-08 0.00114307 6.02717e-05 4.20035e-06 
0.050507 1555.62 1589.68 1.88072 0.824933 4320 0.211022 1.343 859.907 1591.82 1340.4 0.55 0.9 914654 0.6 3.1735e+06 -4.97859e+07 0.677374 0.00166017 3.88386e-06 0.15737 2.59663e-05 0.0604609 2.44468e-05 1.79372e-06 2.98822e-05 0.00132892 0.00223741 3.55326e-05 8.00713e-05 1.91951e-08 9.53374e-07 8.6311e-11 0.000539748 1.19267e-05 1.84306e-06 5.04757e-06 0.0974039 3.24047e-05 6.84713e-07 2.50395e-10 3.63278e-05 5.08578e-08 0.00126921 6.09919e-05 4.19583e-06 
0.0505314 1592.46 1602.97 1.92903 0.824933 4320 0.210407 1.343 860.381 1591.82 1340.4 0.55 0.9 928610 0.6 1.73422e+07 -4.30684e+07 0.68061 0.00173265 4.71665e-06 0.151657 3.07756e-05 0.0670767 3.26329e-05 1.65664e-06 3.22035e-05 0.00151944 0.00254427 3.31762e-05 9.08408e-05 1.6161e-08 8.59641e-07 7.51031e-11 0.000582964 1.237e-05 1.92075e-06 5.52441e-06 0.0924893 2.68179e-05 9.78808e-07 1.97961e-10 4.47975e-05 6.60268e-08 0.00140231 6.13385e-05 4.18874e-06 
0.0505559 1631.75 1616.42 1.98069 0.824933 4320 0.209792 1.343 860.854 1591.82 1340.4 0.55 0.9 943204 0.6 3.26442e+07 -3.46608e+07 0.684235 0.00180517 5.72362e-06 0.145405 3.63758e-05 0.0741589 4.36451e-05 1.50791e-06 3.44683e-05 0.00173281 0.0028669 3.05607e-05 0.00010235 1.33678e-08 7.63692e-07 6.42311e-11 0.000623864 1.26326e-05 1.9784e-06 6.00987e-06 0.087212 2.15939e-05 1.40034e-06 1.52573e-10 5.51639e-05 8.50302e-08 0.00154044 6.12506e-05 4.18674e-06 
0.0505803 1673.46 1630.01 2.03564 0.824933 4320 0.209178 1.343 861.325 1591.82 1340.4 0.55 0.9 958370 0.6 4.90938e+07 -2.44616e+07 0.688257 0.0018769 6.93885e-06 0.13862 4.28547e-05 0.081685 5.84481e-05 1.35269e-06 3.65758e-05 0.0019702 0.00319791 2.77648e-05 0.00011444 1.09075e-08 6.70577e-07 5.40787e-11 0.000660631 1.2689e-05 2.01074e-06 6.48479e-06 0.0815898 1.69158e-05 2.00385e-06 1.14827e-10 6.77673e-05 1.08455e-07 0.00168082 6.06554e-05 4.19422e-06 
0.0506047 1717.45 1643.71 2.09373 0.824933 4320 0.208567 1.343 861.793 1591.82 1340.4 0.55 0.9 974019 0.6 6.66906e+07 -1.24175e+07 0.692674 0.00194683 8.40179e-06 0.131323 5.02955e-05 0.0896196 7.83109e-05 1.19586e-06 3.84016e-05 0.00223243 0.00352748 2.48691e-05 0.00012689 8.82551e-09 5.8468e-07 4.49007e-11 0.000691157 1.25193e-05 2.01289e-06 6.92311e-06 0.0756529 1.28998e-05 2.86562e-06 8.45526e-11 8.2955e-05 1.36755e-07 0.00181969 5.94727e-05 4.20982e-06 
0.0506291 1763.53 1657.49 2.15472 0.824933 4320 0.207961 1.343 862.256 1591.82 1340.4 0.55 0.9 990038 0.6 8.54167e+07 1.46108e+06 0.697476 0.0020138 1.01572e-05 0.123549 5.87707e-05 0.0979128 0.000104884 1.04167e-06 3.98015e-05 0.00251981 0.00384349 2.19523e-05 0.000139419 7.12817e-09 5.09437e-07 3.68293e-11 0.00071312 1.2112e-05 1.981e-06 7.29241e-06 0.0694449 9.58934e-06 4.09016e-06 6.10383e-11 0.000101044 1.70097e-07 0.00195222 5.76243e-05 4.22462e-06 
0.0506535 1811.41 1671.3 2.21826 0.824933 4320 0.20736 1.343 862.714 1591.82 1340.4 0.55 0.9 1.00629e+06 0.6 1.05235e+08 1.70863e+07 0.702637 0.00207643 1.22545e-05 0.115353 6.83347e-05 0.1065 0.000140284 8.93597e-07 4.06226e-05 0.00283214 0.00413182 1.90878e-05 0.000151695 5.79396e-09 4.47276e-07 2.98949e-11 0.000724125 1.14662e-05 1.91295e-06 7.5558e-06 0.0630242 6.96197e-06 5.81666e-06 4.32831e-11 0.000122266 2.08143e-07 0.00207241 5.50466e-05 4.22192e-06 
0.0506779 1860.75 1685.1 2.28389 0.824933 4320 0.206768 1.343 863.165 1591.82 1340.4 0.55 0.9 1.02263e+06 0.6 1.26085e+08 3.42825e+07 0.708114 0.00213322 1.47466e-05 0.106806 7.90144e-05 0.115303 0.000187186 7.54429e-07 4.07196e-05 0.0031686 0.00437713 1.63416e-05 0.000163357 4.78611e-09 3.99721e-07 2.40533e-11 0.000721906 1.05951e-05 1.80901e-06 7.67571e-06 0.0564639 4.94715e-06 8.22286e-06 3.02029e-11 0.000146681 2.49804e-07 0.00217318 5.17076e-05 4.17895e-06 
0.0507023 1911.1 1698.84 2.35105 0.824933 4320 0.206186 1.343 863.607 1591.82 1340.4 0.55 0.9 1.03889e+06 0.6 1.47886e+08 5.27826e+07 0.713851 0.00218255 1.76878e-05 0.0979974 9.07994e-05 0.12423 0.00024892 6.26368e-07 3.99789e-05 0.00352785 0.00456403 1.37702e-05 0.00017404 4.06271e-09 3.67592e-07 1.92134e-11 0.000704596 9.52798e-06 1.67218e-06 7.6193e-06 0.0498507 3.44755e-06 1.15223e-05 2.07731e-11 0.000174077 2.92994e-07 0.00224661 4.7624e-05 4.0706e-06 
0.0507268 1961.99 1712.47 2.41907 0.824933 4320 0.205616 1.343 864.04 1591.82 1340.4 0.55 0.9 1.05489e+06 0.6 1.70534e+08 7.37713e+07 0.719775 0.0022228 2.11311e-05 0.0890281 0.000103632 0.133175 0.000329554 5.11139e-07 3.83437e-05 0.00390804 0.00467858 1.1419e-05 0.000183403 3.58363e-09 3.51207e-07 1.52596e-11 0.000671037 8.3109e-06 1.50816e-06 7.36475e-06 0.043282 2.3592e-06 1.59483e-05 1.41045e-11 0.000203841 3.3448e-07 0.00228433 4.28735e-05 3.87467e-06 
0.0507512 2012.86 1725.93 2.48725 0.824933 4320 0.205197 1.343 864.461 1591.82 1340.4 0.55 0.9 1.07049e+06 0.6 1.93888e+08 9.41586e+07 0.725802 0.00225244 2.51245e-05 0.0800093 0.000117398 0.14203 0.000433883 4.10001e-07 3.58348e-05 0.00430701 0.00471009 9.32041e-06 0.000191159 3.31443e-09 3.5053e-07 1.20663e-11 0.000621127 7.00377e-06 1.32484e-06 6.90686e-06 0.0368614 1.58603e-06 2.17141e-05 9.4722e-12 0.000234844 3.69938e-07 0.00227834 3.7599e-05 3.57743e-06 
0.0507634 2038.09 1732.56 2.52112 0.824933 4320 0.204923 1.343 864.666 1591.82 1340.4 0.55 0.9 1.07807e+06 0.6 2.0586e+08 1.03455e+08 0.728837 0.00226286 2.73557e-05 0.075497 0.000124619 0.146408 0.000497158 3.64795e-07 3.4281e-05 0.00451396 0.00469235 8.36696e-06 0.000194375 3.24904e-09 3.5608e-07 1.07223e-11 0.0005903 6.33745e-06 1.22878e-06 6.60494e-06 0.0337262 1.28655e-06 2.51661e-05 7.72803e-12 0.000250278 3.83941e-07 0.00225644 3.48212e-05 3.38895e-06 
0.0507756 2063.1 1739.13 2.55475 0.824933 4320 0.204721 1.343 864.869 1591.82 1340.4 0.55 0.9 1.08549e+06 0.6 2.17954e+08 1.13758e+08 0.731863 0.00227015 2.97387e-05 0.0710147 0.000132004 0.150719 0.000568625 3.23386e-07 3.25526e-05 0.00472503 0.00465118 7.48373e-06 0.000197098 3.22719e-09 3.65517e-07 9.52312e-12 0.000555885 5.67421e-06 1.13128e-06 6.25862e-06 0.0306676 1.03835e-06 2.89943e-05 6.29544e-12 0.000265301 3.94466e-07 0.00222105 3.19884e-05 3.17584e-06 
0.0507817 2075.5 1742.39 2.57144 0.824933 4320 0.204587 1.343 864.968 1591.82 1340.4 0.55 0.9 1.08913e+06 0.6 2.24062e+08 1.18074e+08 0.733373 0.00227259 3.09912e-05 0.0687835 0.000135756 0.152851 0.000607824 3.04045e-07 3.16309e-05 0.00483232 0.00462181 7.06688e-06 0.000198272 3.23142e-09 3.71663e-07 8.97334e-12 0.000537448 5.34613e-06 1.08229e-06 6.07026e-06 0.0291671 9.29922e-07 3.10495e-05 5.67638e-12 0.000272559 3.9825e-07 0.00219811 3.05593e-05 3.06081e-06 
0.0507878 2087.83 1745.63 2.58804 0.824933 4320 0.204488 1.343 865.067 1591.82 1340.4 0.55 0.9 1.09273e+06 0.6 2.30192e+08 1.24301e+08 0.734875 0.00227421 3.22818e-05 0.066565 0.000139537 0.154962 0.000649377 2.8565e-07 3.06761e-05 0.00494058 0.00458658 6.66733e-06 0.000199316 3.24544e-09 3.78738e-07 8.45432e-12 0.000518278 5.02207e-06 1.03336e-06 5.87279e-06 0.0276903 8.31316e-07 3.3192e-05 5.11674e-12 0.000279589 4.00934e-07 0.00217168 2.91282e-05 2.94077e-06 
0.0507908 2093.96 1747.24 2.5963 0.824933 4320 0.204438 1.343 865.116 1591.82 1340.4 0.55 0.9 1.09451e+06 0.6 2.33271e+08 1.25707e+08 0.735624 0.00227472 3.29421e-05 0.0654595 0.00014144 0.15601 0.000671094 2.76787e-07 3.01872e-05 0.00499515 0.00456678 6.47362e-06 0.00019979 3.25597e-09 3.8262e-07 8.20549e-12 0.000508432 4.86168e-06 1.00894e-06 5.77081e-06 0.0269602 7.85256e-07 3.42955e-05 4.85681e-12 0.000283007 4.01843e-07 0.00215714 2.84124e-05 2.87898e-06 
0.0507924 2097.02 1748.05 2.60041 0.824933 4320 0.204405 1.343 865.141 1591.82 1340.4 0.55 0.9 1.0954e+06 0.6 2.34813e+08 1.24996e+08 0.735998 0.00227489 3.3276e-05 0.0649078 0.000142395 0.156532 0.000682192 2.72438e-07 2.99401e-05 0.00502254 0.00455633 6.37826e-06 0.000200014 3.26209e-09 3.84645e-07 8.08362e-12 0.000503446 4.78193e-06 9.9675e-07 5.71904e-06 0.0265973 7.62999e-07 3.4855e-05 4.73159e-12 0.00028469 4.02186e-07 0.00214955 2.80546e-05 2.84767e-06 
0.0507939 2100.07 1748.85 2.60453 0.824933 4320 0.204372 1.343 865.165 1591.82 1340.4 0.55 0.9 1.09628e+06 0.6 2.36357e+08 1.26184e+08 0.736372 0.00227502 3.36122e-05 0.0643571 0.000143351 0.157052 0.000693445 2.68147e-07 2.96914e-05 0.00504999 0.00454552 6.28395e-06 0.000200231 3.26879e-09 3.86727e-07 7.96345e-12 0.000498423 4.70253e-06 9.84576e-07 5.6668e-06 0.0262361 7.41255e-07 3.54193e-05 4.6095e-12 0.000286353 4.02453e-07 0.00214174 2.7697e-05 2.81611e-06 
0.0507954 2103.11 1749.65 2.60863 0.824933 4320 0.20434 1.343 865.19 1591.82 1340.4 0.55 0.9 1.09716e+06 0.6 2.37902e+08 1.27369e+08 0.736745 0.00227509 3.39508e-05 0.0638074 0.000144309 0.157571 0.000704853 2.63912e-07 2.94411e-05 0.0050775 0.00453436 6.19067e-06 0.000200439 3.27604e-09 3.88864e-07 7.84492e-12 0.000493362 4.62349e-06 9.72421e-07 5.61409e-06 0.0258765 7.20008e-07 3.59883e-05 4.49045e-12 0.000287997 4.02642e-07 0.00213372 2.73398e-05 2.7843e-06 
0.0507969 2106.15 1750.45 2.61273 0.824933 4320 0.204307 1.343 865.214 1591.82 1340.4 0.55 0.9 1.09803e+06 0.6 2.39448e+08 1.28551e+08 0.737117 0.00227511 3.42916e-05 0.0632587 0.000145268 0.158088 0.000716416 2.59733e-07 2.91893e-05 0.00510506 0.00452284 6.09841e-06 0.000200639 3.28385e-09 3.91055e-07 7.72798e-12 0.000488266 4.54482e-06 9.60289e-07 5.56093e-06 0.0255185 6.99242e-07 3.65619e-05 4.37434e-12 0.000289621 4.02753e-07 0.00212549 2.6983e-05 2.75225e-06 
0.0507985 2109.18 1751.25 2.61681 0.824933 4320 0.204274 1.343 865.238 1591.82 1340.4 0.55 0.9 1.09891e+06 0.6 2.40995e+08 1.31927e+08 0.737489 0.00227508 3.46346e-05 0.062711 0.00014623 0.158604 0.000728135 2.55609e-07 2.89362e-05 0.00513269 0.00451096 6.00716e-06 0.000200831 3.2922e-09 3.93301e-07 7.61261e-12 0.000483135 4.46653e-06 9.48181e-07 5.50734e-06 0.0251622 6.78942e-07 3.71398e-05 4.26108e-12 0.000291224 4.02785e-07 0.00211706 2.66266e-05 2.71997e-06 
0.0508 2112.21 1752.05 2.62089 0.824933 4320 0.204255 1.343 865.262 1591.82 1340.4 0.55 0.9 1.09978e+06 0.6 2.42543e+08 5.53628e+10 0.737859 0.002275 3.49799e-05 0.0621644 0.000147192 0.159118 0.000740009 2.51538e-07 2.86817e-05 0.00516037 0.00449874 5.9169e-06 0.000201015 3.30108e-09 3.95601e-07 7.4988e-12 0.000477971 4.38863e-06 9.36099e-07 5.45333e-06 0.0248076 6.59091e-07 3.7722e-05 4.15058e-12 0.000292805 4.02738e-07 0.00210842 2.62707e-05 2.68748e-06 
0.0508015 2115.23 1752.21 2.51112 0.862333 2620 1.75177 1.168 1323.07 934.45 525.95 0.55 0.9 444249 0.6 9.51977e+07 -5.51862e+10 0.73823 0.00227487 3.53274e-05 0.0616189 0.000148157 0.159631 0.000752037 2.47521e-07 2.8426e-05 0.00518812 0.00448617 5.82763e-06 0.000201191 3.31049e-09 3.97954e-07 7.38657e-12 0.000472775 4.31112e-06 9.24044e-07 5.39893e-06 0.0244547 6.39673e-07 3.83083e-05 4.04271e-12 0.000294365 4.02611e-07 0.00209959 2.59153e-05 2.65477e-06 
0.0508031 2117.73 1752.31 2.51435 0.862333 2620 1.75172 1.168 1323.08 934.45 525.95 0.55 0.9 444538 0.6 9.51826e+07 4.45613e+07 0.738537 0.00227471 3.56184e-05 0.0611661 0.000148962 0.160056 0.000762176 2.44223e-07 2.82122e-05 0.00521124 0.00447542 5.75421e-06 0.00020133 3.31878e-09 3.99958e-07 7.2947e-12 0.000468426 4.24699e-06 9.14042e-07 5.35335e-06 0.0241626 6.23885e-07 3.87995e-05 3.95517e-12 0.000295643 4.02442e-07 0.00209206 2.56201e-05 2.62738e-06 
0.0508046 2120.22 1752.4 2.51756 0.862333 2620 1.75167 1.168 1323.08 934.45 525.95 0.55 0.9 444826 0.6 9.51676e+07 4.57424e+07 0.738843 0.00227451 3.59113e-05 0.060715 0.000149767 0.160479 0.000772437 2.40976e-07 2.79979e-05 0.00523438 0.00446439 5.68177e-06 0.000201462 3.3275e-09 4.02005e-07 7.20456e-12 0.000464058 4.18332e-06 9.04083e-07 5.30752e-06 0.0238723 6.08484e-07 3.92933e-05 3.86991e-12 0.000296899 4.02215e-07 0.00208438 2.53259e-05 2.59988e-06 
0.0508061 2122.7 1752.49 2.52075 0.862333 2620 1.75162 1.168 1323.09 934.45 525.95 0.55 0.9 445112 0.6 9.51527e+07 4.69179e+07 0.739148 0.00227427 3.6206e-05 0.0602656 0.000150574 0.1609 0.000782818 2.37776e-07 2.77829e-05 0.00525753 0.00445309 5.61029e-06 0.000201587 3.33665e-09 4.04093e-07 7.11614e-12 0.000459673 4.12013e-06 8.94168e-07 5.26147e-06 0.023584 5.93458e-07 3.97897e-05 3.78685e-12 0.000298134 4.01932e-07 0.00207654 2.50328e-05 2.57226e-06 
0.0508076 2125.16 1752.58 2.52393 0.862333 2620 1.75157 1.168 1323.1 934.45 525.95 0.55 0.9 445395 0.6 9.51378e+07 4.7599e+07 0.739451 0.00227398 3.65024e-05 0.0598181 0.000151382 0.161319 0.000793319 2.34625e-07 2.75675e-05 0.00528069 0.00444152 5.53977e-06 0.000201705 3.34622e-09 4.06224e-07 7.02943e-12 0.000455272 4.05741e-06 8.843e-07 5.21521e-06 0.0232976 5.78797e-07 4.02886e-05 3.7059e-12 0.000299348 4.01591e-07 0.00206855 2.47407e-05 2.54454e-06 
0.0508092 2127.61 1752.68 2.52709 0.862333 2620 1.75149 1.168 1323.11 934.45 525.95 0.55 0.9 445677 0.6 9.51229e+07 4.8278e+07 0.739753 0.00227364 3.68007e-05 0.0593723 0.000152191 0.161735 0.00080394 2.3152e-07 2.73516e-05 0.00530386 0.00442968 5.4702e-06 0.000201816 3.35621e-09 4.08396e-07 6.94436e-12 0.000450855 3.99516e-06 8.74478e-07 5.16875e-06 0.0230132 5.64492e-07 4.07897e-05 3.627e-12 0.000300538 4.01192e-07 0.0020604 2.44498e-05 2.51672e-06 
0.0508122 2132.46 1752.86 2.53336 0.862333 2620 1.75135 1.168 1323.13 934.45 525.95 0.55 0.9 446234 0.6 9.50934e+07 5.12422e+07 0.740353 0.00227284 3.74021e-05 0.0584867 0.000153812 0.162563 0.000825528 2.25454e-07 2.69188e-05 0.00535019 0.00440522 5.33393e-06 0.000202016 3.37742e-09 4.12861e-07 6.77914e-12 0.000441981 3.87218e-06 8.54989e-07 5.07531e-06 0.0224503 5.36929e-07 4.1798e-05 3.47523e-12 0.00030285 4.00224e-07 0.00204367 2.38716e-05 2.46084e-06 
0.0508183 2141.98 1753.23 2.54567 0.862333 2620 1.75115 1.168 1323.16 934.45 525.95 0.55 0.9 447324 0.6 9.50351e+07 5.56384e+07 0.741535 0.00227072 3.86243e-05 0.0567392 0.000157068 0.164191 0.000870077 2.13874e-07 2.60504e-05 0.00544286 0.00435325 5.07265e-06 0.000202331 3.42457e-09 4.22261e-07 6.46722e-12 0.000424103 3.63236e-06 8.1665e-07 4.88673e-06 0.021349 4.85755e-07 4.38348e-05 3.19432e-12 0.000307187 3.97597e-07 0.00200852 2.27306e-05 2.34829e-06 
0.0508244 2151.28 1753.6 2.5577 0.862333 2620 1.75086 1.168 1323.2 934.45 525.95 0.55 0.9 448381 0.6 9.49774e+07 6.02562e+07 0.742695 0.00226791 3.9873e-05 0.0550219 0.000160348 0.165786 0.000916518 2.02987e-07 2.51803e-05 0.00553565 0.00429737 4.82538e-06 0.000202532 3.4777e-09 4.32265e-07 6.17788e-12 0.000406092 3.40062e-06 7.79166e-07 4.69637e-06 0.0202789 4.39212e-07 4.58921e-05 2.94027e-12 0.000311124 3.94056e-07 0.0019712 2.16107e-05 2.23507e-06 
0.0508366 2169.14 1754.33 2.58083 0.862333 2620 1.75047 1.168 1323.26 934.45 525.95 0.55 0.9 450398 0.6 9.48641e+07 6.87086e+07 0.744938 0.00226025 4.24423e-05 0.0516869 0.00016697 0.168867 0.00101492 1.83248e-07 2.34473e-05 0.00572113 0.00417461 4.37217e-06 0.000202589 3.60047e-09 4.5393e-07 5.66148e-12 0.000369938 2.96307e-06 7.07072e-07 4.31348e-06 0.0182381 3.58798e-07 5.00301e-05 2.50436e-12 0.0003177 3.8426e-07 0.00189067 1.94448e-05 2.00867e-06 
0.0508488 2185.99 1755.05 2.60271 0.862333 2620 1.7499 1.168 1323.33 934.45 525.95 0.55 0.9 452281 0.6 9.47521e+07 7.70291e+07 0.747082 0.00224997 4.51082e-05 0.0484815 0.000173701 0.171807 0.001121 1.66014e-07 2.17393e-05 0.00590681 0.00403868 3.96849e-06 0.000202161 3.74263e-09 4.77541e-07 5.21782e-12 0.000334031 2.56038e-06 6.38952e-07 3.93245e-06 0.0163256 2.91955e-07 5.41243e-05 2.14757e-12 0.000322383 3.71057e-07 0.00180311 1.73864e-05 1.78575e-06 
0.0508732 2216.57 1756.49 2.64252 0.862333 2620 1.74914 1.168 1323.46 934.45 525.95 0.55 0.9 455647 0.6 9.45305e+07 9.22211e+07 0.751039 0.00222198 5.06941e-05 0.0424944 0.000187511 0.177233 0.00135593 1.38574e-07 1.8465e-05 0.00627702 0.00373301 3.30072e-06 0.000199707 4.07365e-09 5.29228e-07 4.52131e-12 0.000264669 1.86449e-06 5.15803e-07 3.19595e-06 0.0129015 1.91966e-07 6.18625e-05 1.62092e-12 0.000325481 3.35425e-07 0.00161084 1.36435e-05 1.36333e-06 
0.0508977 2242.8 1757.89 2.67686 0.862333 2620 1.74841 1.168 1323.59 934.45 525.95 0.55 0.9 458478 0.6 9.43048e+07 1.05062e+08 0.754553 0.00218519 5.66042e-05 0.0370645 0.000202044 0.182067 0.00162223 1.19358e-07 1.54525e-05 0.00664533 0.00339487 2.78614e-06 0.000194725 4.4411e-09 5.83695e-07 4.03034e-12 0.00020139 1.30908e-06 4.10221e-07 2.52199e-06 0.00998667 1.23388e-07 6.82778e-05 1.2701e-12 0.000319441 2.90679e-07 0.00140341 1.04387e-05 9.91439e-07 
0.0509221 2264.56 1759.26 2.70554 0.862333 2620 1.7477 1.168 1323.72 934.45 525.95 0.55 0.9 460778 0.6 9.40695e+07 1.15739e+08 0.757613 0.00214105 6.27842e-05 0.0322065 0.000217665 0.186303 0.00191875 1.07388e-07 1.27611e-05 0.00700862 0.00303642 2.39931e-06 0.000186702 4.80693e-09 6.35955e-07 3.70968e-12 0.000146596 8.84162e-07 3.21841e-07 1.934e-06 0.00756495 7.722e-08 7.25632e-05 1.04031e-12 0.000303989 2.41035e-07 0.0011903 7.79094e-06 6.84268e-07 
0.0509465 2281.84 1760.58 2.72855 0.862333 2620 1.747 1.168 1323.84 934.45 525.95 0.55 0.9 462566 0.6 9.38199e+07 1.24204e+08 0.760223 0.00209127 6.91569e-05 0.0279189 0.000234796 0.189952 0.00224209 1.0184e-07 1.04198e-05 0.00736216 0.00266918 2.11599e-06 0.000175223 5.12335e-09 6.79576e-07 3.53206e-12 0.000101695 5.72944e-07 2.49291e-07 1.4432e-06 0.00560404 4.68405e-08 7.40435e-05 8.94826e-13 0.000279755 1.91018e-07 0.000981256 5.67754e-06 4.46787e-07 
0.0509709 2294.8 1761.87 2.74608 0.862333 2620 1.74634 1.168 1323.96 934.45 525.95 0.55 0.9 463870 0.6 9.35523e+07 1.30497e+08 0.762406 0.00203769 7.56165e-05 0.0241856 0.000253807 0.193043 0.00258605 1.02031e-07 8.4343e-06 0.00769947 0.00230399 1.91439e-06 0.000160182 5.33915e-09 7.07537e-07 3.47591e-12 6.69993e-05 3.55275e-07 1.9065e-07 1.0498e-06 0.00405862 2.74218e-08 7.23508e-05 8.0943e-13 0.000248354 1.44699e-07 0.00078522 4.04526e-06 2.75329e-07 
0.0509953 2303.7 1763.11 2.75847 0.862333 2620 1.74569 1.168 1324.07 934.45 525.95 0.55 0.9 464730 0.6 9.32637e+07 1.34739e+08 0.764196 0.00198225 8.20284e-05 0.0209779 0.00027489 0.19562 0.00294147 1.07342e-07 6.79348e-06 0.00801287 0.00195095 1.77556e-06 0.000141962 5.41132e-09 7.13838e-07 3.52301e-12 4.18114e-05 2.1033e-07 1.43846e-07 7.45804e-07 0.00287426 1.54406e-08 6.75575e-05 7.68125e-13 0.000212255 1.05035e-07 0.000609437 2.82269e-06 1.59937e-07 
0.0510197 2308.96 1764.31 2.76621 0.862333 2620 1.74507 1.168 1324.18 934.45 525.95 0.55 0.9 465194 0.6 9.2952e+07 1.37122e+08 0.765638 0.00192678 8.82382e-05 0.0182575 0.000297928 0.197738 0.00329673 1.17104e-07 5.47321e-06 0.00829463 0.00161924 1.68341e-06 0.000121498 5.319e-09 6.95482e-07 3.6562e-12 2.4681e-05 1.18705e-07 1.06927e-07 5.18442e-07 0.00199196 8.34416e-09 6.02055e-05 7.60053e-13 0.000174426 7.34989e-08 0.000458707 1.93229e-06 8.75998e-08 
0.0510441 2311.04 1765.46 2.7699 0.862333 2620 1.74448 1.168 1324.29 934.45 525.95 0.55 0.9 465317 0.6 9.26156e+07 1.37896e+08 0.76678 0.00187294 9.40872e-05 0.0159795 0.000322436 0.199457 0.00363909 1.30521e-07 4.43929e-06 0.00853854 0.00131666 1.62461e-06 0.000100159 5.07293e-09 6.5392e-07 3.85776e-12 1.37825e-05 6.38416e-08 7.81834e-08 3.53255e-07 0.0013528 4.32472e-09 5.1201e-05 7.77321e-13 0.00013781 5.0115e-08 0.000335055 1.29988e-06 4.53271e-08 
0.0510686 2310.49 1766.56 2.77021 0.862333 2620 1.74391 1.168 1324.39 934.45 525.95 0.55 0.9 465158 0.6 9.22539e+07 1.3734e+08 0.767669 0.00182209 9.94329e-05 0.0140946 0.000347587 0.20084 0.00395638 1.46647e-07 3.65065e-06 0.0087412 0.00104894 1.58842e-06 7.94591e-05 4.71432e-09 5.95044e-07 4.10899e-12 7.29376e-06 3.2752e-08 5.61592e-08 2.36307e-07 0.000901964 2.15164e-09 4.16009e-05 8.13596e-13 0.000104801 3.38393e-08 0.000237877 8.60647e-07 2.22359e-08 
0.051093 2307.84 1767.62 2.76781 0.862333 2620 1.74337 1.168 1324.49 934.45 525.95 0.55 0.9 464773 0.6 9.18665e+07 1.35739e+08 0.768353 0.00177521 0.000104167 0.0125521 0.000372343 0.201947 0.0042388 1.64447e-07 3.06325e-06 0.00890263 0.000819264 1.56659e-06 6.07137e-05 4.30226e-09 5.27531e-07 4.39103e-12 3.66997e-06 1.60654e-08 3.96047e-08 1.55428e-07 0.000591721 1.02994e-09 3.23714e-05 8.63347e-13 7.68929e-05 2.31083e-08 0.000164538 5.61658e-07 1.03927e-08 
0.0511174 2303.61 1768.63 2.76333 0.862333 2620 1.74285 1.168 1324.58 934.45 525.95 0.55 0.9 464215 0.6 9.14538e+07 1.33361e+08 0.768871 0.00173287 0.000108225 0.0113021 0.000395646 0.202832 0.00448009 1.82898e-07 2.63422e-06 0.00902602 0.000628079 1.55316e-06 4.47875e-05 3.89579e-09 4.60304e-07 4.68645e-12 1.76369e-06 7.56133e-09 2.7429e-08 1.00683e-07 0.000382883 4.75937e-10 2.42094e-05 9.21603e-13 5.4614e-05 1.63274e-08 0.000111205 3.61805e-07 4.655e-09 
0.0511418 2298.23 1769.59 2.75731 0.862333 2620 1.74235 1.168 1324.67 934.45 525.95 0.55 0.9 463531 0.6 9.10161e+07 1.30438e+08 0.769259 0.00169527 0.00011159 0.0102975 0.000416596 0.203541 0.00467777 2.01106e-07 2.32522e-06 0.00911671 0.000473403 1.54414e-06 3.20136e-05 3.53935e-09 4.00319e-07 4.98077e-12 8.13857e-07 3.4297e-09 1.86759e-08 6.43473e-08 0.000244959 2.13196e-10 1.74761e-05 9.84025e-13 3.77018e-05 1.21655e-08 7.36787e-05 2.30413e-07 2.01078e-09 
0.0511662 2292.07 1770.51 2.75022 0.862333 2620 1.74188 1.168 1324.75 934.45 525.95 0.55 0.9 462758 0.6 9.05542e+07 1.27161e+08 0.769547 0.00166231 0.000114284 0.00949523 0.000434575 0.204113 0.00483275 2.18388e-07 2.10433e-06 0.00918096 0.000351482 1.53701e-06 2.2273e-05 3.25657e-09 3.51517e-07 5.26342e-12 3.62681e-07 1.50649e-09 1.2523e-08 4.06548e-08 0.000155312 9.29917e-11 1.2236e-05 1.04708e-12 2.5406e-05 9.65068e-09 4.80132e-05 1.45307e-07 8.42943e-10 
0.0511906 2285.4 1771.39 2.74241 0.862333 2620 1.74143 1.168 1324.83 934.45 525.95 0.55 0.9 461925 0.6 9.00691e+07 1.23675e+08 0.76976 0.00163365 0.000116358 0.00885735 0.000449283 0.204579 0.00494838 2.34301e-07 1.94653e-06 0.00922497 0.000257579 1.53037e-06 1.51599e-05 3.05221e-09 3.14968e-07 5.52777e-12 1.56982e-07 6.44011e-10 8.28692e-09 2.54441e-08 9.77938e-05 3.96741e-11 8.35125e-06 1.10817e-12 1.67839e-05 8.13636e-09 3.08719e-05 9.09008e-08 3.44997e-10 
0.051215 2278.43 1772.23 2.73415 0.862333 2620 1.74101 1.168 1324.9 934.45 525.95 0.55 0.9 461056 0.6 8.95617e+07 1.20091e+08 0.769916 0.00160883 0.00011788 0.00835121 0.000460704 0.204964 0.00502943 2.48623e-07 1.83308e-06 0.00925414 0.000186691 1.52349e-06 1.01499e-05 2.91847e-09 2.89728e-07 5.77062e-12 6.63593e-08 2.69234e-10 5.42385e-09 1.58067e-08 6.12651e-05 1.66281e-11 5.58435e-06 1.16558e-12 1.09142e-05 7.21836e-09 1.96433e-05 5.65072e-08 1.38599e-10 
0.0512395 2271.31 1773.02 2.72564 0.862333 2620 1.7406 1.168 1324.98 934.45 525.95 0.55 0.9 460166 0.6 8.90332e+07 1.16482e+08 0.77003 0.00158733 0.000118925 0.00794948 0.000469033 0.205286 0.00508118 2.61306e-07 1.75048e-06 0.00927283 0.000134084 1.51609e-06 6.72402e-06 2.84165e-09 2.73829e-07 5.99133e-12 2.75346e-08 1.10571e-10 3.51887e-09 9.76595e-09 3.82464e-05 6.87336e-12 3.67678e-06 1.2184e-12 7.01176e-06 6.65324e-09 1.24003e-05 3.49639e-08 5.49152e-11 
0.0512639 2264.14 1773.78 2.717 0.862333 2620 1.74022 1.168 1325.05 934.45 525.95 0.55 0.9 459267 0.6 8.84845e+07 1.12899e+08 0.770113 0.00156862 0.00011957 0.0076297 0.000474597 0.20556 0.00510883 2.72422e-07 1.68921e-06 0.00928432 9.55945e-05 1.50811e-06 4.43592e-06 2.80716e-09 2.65055e-07 6.19094e-12 1.12656e-08 4.4794e-11 2.26761e-09 6.01159e-09 2.38239e-05 2.81204e-12 2.39546e-06 1.26631e-12 4.46483e-06 6.29689e-09 7.78336e-06 2.15673e-08 2.15461e-11 
0.0512883 2256.99 1774.49 2.70834 0.862333 2620 1.73985 1.168 1325.11 934.45 525.95 0.55 0.9 458366 0.6 8.79169e+07 1.09377e+08 0.770173 0.00155221 0.000119883 0.00737378 0.000477782 0.205797 0.00511713 2.82113e-07 1.64268e-06 0.00929099 6.7762e-05 1.49959e-06 2.93569e-06 2.8022e-09 2.61396e-07 6.37147e-12 4.56337e-09 1.79673e-11 1.45413e-09 3.69301e-09 1.48237e-05 1.1422e-12 1.55219e-06 1.30944e-12 2.82592e-06 6.06426e-09 4.86668e-06 1.3282e-08 8.39988e-12 
0.0513127 2249.89 1775.17 2.69972 0.862333 2620 1.73951 1.168 1325.17 934.45 525.95 0.55 0.9 457468 0.6 8.73313e+07 1.05935e+08 0.770217 0.00153768 0.000119927 0.00716728 0.000478978 0.206006 0.00511015 2.90551e-07 1.60638e-06 0.00929449 4.78261e-05 1.49066e-06 1.96577e-06 2.81677e-09 2.61238e-07 6.53537e-12 1.83667e-09 7.15998e-12 9.29405e-10 2.26755e-09 9.22166e-06 4.61839e-13 1.0058e-06 1.34814e-12 1.7823e-06 5.90498e-09 3.03603e-06 8.17739e-09 3.26332e-12 
0.0513371 2242.88 1775.81 2.69117 0.862333 2620 1.73918 1.168 1325.23 934.45 525.95 0.55 0.9 456578 0.6 8.67288e+07 1.02586e+08 0.770249 0.00152465 0.000119754 0.00699888 0.000478553 0.206194 0.00509131 2.97916e-07 1.57724e-06 0.00929592 3.36542e-05 1.48144e-06 1.34519e-06 2.84366e-09 2.63384e-07 6.68515e-12 7.36926e-10 2.84393e-12 5.92923e-10 1.39372e-09 5.73991e-06 1.86328e-13 6.55803e-07 1.3829e-12 1.12271e-06 5.78909e-09 1.8922e-06 5.04012e-09 1.26648e-12 
0.0513615 2235.98 1776.42 2.68272 0.862333 2620 1.73887 1.168 1325.28 934.45 525.95 0.55 0.9 455697 0.6 8.61106e+07 9.93344e+07 0.770272 0.00151283 0.000119408 0.00685973 0.000476832 0.206366 0.00506339 3.04373e-07 1.55317e-06 0.00929603 2.36399e-05 1.47204e-06 9.51068e-07 2.87795e-09 2.66996e-07 6.82321e-12 2.95698e-10 1.12982e-12 3.78041e-10 8.58891e-10 3.57711e-06 7.51635e-14 4.33361e-07 1.41427e-12 7.07945e-07 5.69868e-09 1.17957e-06 3.11437e-09 4.92085e-13 
0.0513859 2229.19 1776.99 2.6744 0.862333 2620 1.73858 1.168 1325.34 934.45 525.95 0.55 0.9 454826 0.6 8.54774e+07 9.61839e+07 0.770289 0.00150197 0.000118927 0.00674296 0.000474089 0.206525 0.0050286 3.10073e-07 1.53271e-06 0.0092953 1.6596e-05 1.46259e-06 7.01994e-07 2.91643e-09 2.71512e-07 6.95167e-12 1.19073e-10 4.5091e-13 2.41187e-10 5.31688e-10 2.23336e-06 3.03749e-14 2.92641e-07 1.44274e-12 4.47942e-07 5.62309e-09 7.36292e-07 1.93259e-09 1.91822e-13 
0.0514104 2222.51 1777.54 2.6662 0.862333 2620 1.73831 1.168 1325.38 934.45 525.95 0.55 0.9 453967 0.6 8.48305e+07 9.31343e+07 0.770301 0.00149186 0.000118338 0.0066433 0.000470552 0.206674 0.00498869 3.15144e-07 1.51489e-06 0.00929405 1.16585e-05 1.45317e-06 5.45056e-07 2.95709e-09 2.76567e-07 7.07237e-12 4.83308e-11 1.82027e-13 1.54162e-10 3.31407e-10 1.39783e-06 1.23212e-14 2.03761e-07 1.46881e-12 2.85202e-07 5.55599e-09 4.60722e-07 1.20693e-09 7.51863e-14 
0.0514348 2215.95 1778.04 2.65814 0.862333 2620 1.73805 1.168 1325.43 934.45 525.95 0.55 0.9 453119 0.6 8.41706e+07 9.01845e+07 0.77031 0.00148234 0.000117667 0.0065567 0.000466408 0.206815 0.00494502 3.19694e-07 1.49901e-06 0.00929248 8.2062e-06 1.44385e-06 4.46311e-07 2.99872e-09 2.81931e-07 7.18688e-12 1.99024e-11 7.52545e-14 9.88577e-11 2.08649e-10 8.7767e-07 5.02755e-15 1.4754e-07 1.49287e-12 1.83362e-07 5.49364e-09 2.89363e-07 7.60753e-10 2.97113e-14 
0.0514592 2209.5 1778.52 2.65021 0.862333 2620 1.73781 1.168 1325.47 934.45 525.95 0.55 0.9 452284 0.6 8.34987e+07 8.73325e+07 0.770317 0.0014733 0.00011693 0.00648004 0.000461805 0.206951 0.00489864 3.23812e-07 1.4846e-06 0.00929072 5.79644e-06 1.43469e-06 3.84193e-07 3.04062e-09 2.87464e-07 7.29646e-12 8.40576e-12 3.26183e-14 6.37063e-11 1.33248e-10 5.53307e-07 2.0691e-15 1.11804e-07 1.51528e-12 1.19574e-07 5.43392e-09 1.82707e-07 4.85869e-10 1.188e-14 
0.0514836 2203.17 1778.97 2.64242 0.862333 2620 1.73758 1.168 1325.51 934.45 525.95 0.55 0.9 451461 0.6 8.28157e+07 8.45757e+07 0.770322 0.00146465 0.000116144 0.00641096 0.000456858 0.207081 0.00485036 3.27568e-07 1.47131e-06 0.00928885 4.11612e-06 1.42573e-06 3.45092e-07 3.08241e-09 2.93082e-07 7.40217e-12 3.71023e-12 1.54369e-14 4.1347e-11 8.67999e-11 3.50645e-07 8.61898e-16 8.88844e-08 1.53633e-12 7.95468e-08 5.37561e-09 1.16223e-07 3.16066e-10 4.83222e-15 
0.051508 2196.96 1779.39 2.63477 0.862333 2620 1.73737 1.168 1325.55 934.45 525.95 0.55 0.9 450650 0.6 8.21223e+07 8.19112e+07 0.770326 0.00145629 0.000115319 0.00634765 0.000451661 0.207208 0.00480082 3.31022e-07 1.4589e-06 0.00928692 2.94497e-06 1.417e-06 3.20455e-07 3.12388e-09 2.98735e-07 7.50484e-12 1.76469e-12 8.41709e-15 2.71066e-11 5.80793e-11 2.23741e-07 3.65177e-16 7.39816e-08 1.55624e-12 5.43579e-08 5.31806e-09 7.46968e-08 2.1082e-10 2.01632e-15 
0.0515324 2190.85 1779.78 2.62724 0.862333 2620 1.73717 1.168 1325.59 934.45 525.95 0.55 0.9 449850 0.6 8.14195e+07 7.93363e+07 0.770329 0.00144818 0.000114466 0.00628873 0.000446286 0.207332 0.00475047 3.3422e-07 1.44718e-06 0.00928497 2.1287e-06 1.40852e-06 3.0492e-07 3.16495e-09 3.04397e-07 7.60513e-12 9.42023e-13 5.49044e-15 1.80217e-11 4.02346e-11 1.44077e-07 1.58469e-16 6.40984e-08 1.57523e-12 3.8447e-08 5.26094e-09 4.86962e-08 1.45312e-10 8.74778e-16 
0.0515568 2184.86 1780.15 2.61985 0.862333 2620 1.73699 1.168 1325.62 934.45 525.95 0.55 0.9 449063 0.6 8.0708e+07 7.68479e+07 0.770331 0.00144028 0.00011359 0.00623317 0.000440788 0.207453 0.0046997 3.37198e-07 1.43603e-06 0.00928302 1.55953e-06 1.40031e-06 2.95129e-07 3.20558e-09 3.10052e-07 7.70358e-12 5.8419e-13 4.23384e-15 1.22139e-11 2.90787e-11 9.39332e-08 7.11273e-17 5.73671e-08 1.59343e-12 2.83475e-08 5.2041e-09 3.23687e-08 1.04323e-10 4.0292e-16 
0.0515812 2178.97 1780.48 2.61259 0.862333 2620 1.73682 1.168 1325.65 934.45 525.95 0.55 0.9 448287 0.6 7.99886e+07 7.44432e+07 0.770332 0.00143254 0.000112697 0.00618016 0.00043521 0.207572 0.00464877 3.39986e-07 1.42534e-06 0.00928108 1.16235e-06 1.39237e-06 2.88977e-07 3.24579e-09 3.15693e-07 7.80059e-12 4.22419e-13 3.67092e-15 8.49232e-12 2.20483e-11 6.22759e-08 3.34642e-17 5.26249e-08 1.61097e-12 2.18968e-08 5.14751e-09 2.208e-08 7.8504e-11 2.0278e-16 
0.0516057 2173.19 1780.8 2.60545 0.862333 2620 1.73667 1.168 1325.68 934.45 525.95 0.55 0.9 447523 0.6 7.92619e+07 7.21192e+07 0.770334 0.00142494 0.000111793 0.0061291 0.000429587 0.207689 0.00459789 3.42607e-07 1.41505e-06 0.00927916 8.849e-07 1.38471e-06 2.85146e-07 3.28557e-09 3.21318e-07 7.89649e-12 3.45433e-13 3.40315e-15 6.10117e-12 1.75713e-11 4.2224e-08 1.67833e-17 4.91466e-08 1.62794e-12 1.77438e-08 5.09115e-09 1.55699e-08 6.20991e-11 1.14995e-16 
0.0516301 2167.5 1781.08 2.59844 0.862333 2620 1.73652 1.168 1325.7 934.45 525.95 0.55 0.9 446770 0.6 7.85287e+07 6.98734e+07 0.770335 0.00141747 0.00011088 0.00607954 0.000423945 0.207805 0.00454722 3.4508e-07 1.40508e-06 0.00927727 6.90826e-07 1.37731e-06 2.82807e-07 3.32497e-09 3.26924e-07 7.99152e-12 3.06319e-13 3.26502e-15 4.56019e-12 1.46805e-11 2.94758e-08 9.13956e-18 4.64797e-08 1.64443e-12 1.50425e-08 5.03509e-09 1.14301e-08 5.15579e-11 7.48341e-17 
0.0516545 2161.92 1781.35 2.59155 0.862333 2620 1.73639 1.168 1325.73 934.45 525.95 0.55 0.9 446029 0.6 7.77896e+07 6.77029e+07 0.770335 0.00141011 0.000109961 0.00603114 0.000418303 0.207919 0.00449689 3.47419e-07 1.3954e-06 0.00927541 5.54852e-07 1.37019e-06 2.81437e-07 3.364e-09 3.32512e-07 8.08586e-12 2.84817e-13 3.18617e-15 3.56364e-12 1.27797e-11 2.13357e-08 5.48868e-18 4.43407e-08 1.66047e-12 1.32622e-08 4.97934e-09 8.78089e-09 4.46832e-11 5.5512e-17 
0.0516789 2156.43 1781.59 2.58478 0.862333 2620 1.73627 1.168 1325.75 934.45 525.95 0.55 0.9 445298 0.6 7.70452e+07 6.56052e+07 0.770336 0.00140284 0.000109039 0.00598363 0.000412677 0.208031 0.00444698 3.49637e-07 1.38596e-06 0.00927359 4.59392e-07 1.36334e-06 2.80705e-07 3.40267e-09 3.38082e-07 8.17966e-12 2.7191e-13 3.13579e-15 2.91642e-12 1.14998e-11 1.61097e-08 3.66e-18 4.25515e-08 1.67612e-12 1.20683e-08 4.92396e-09 7.0716e-09 4.01111e-11 4.56723e-17 
0.0517033 2151.04 1781.81 2.57812 0.862333 2620 1.73616 1.168 1325.77 934.45 525.95 0.55 0.9 444578 0.6 7.62963e+07 6.35713e+07 0.770336 0.00139565 0.000108115 0.00593682 0.00040708 0.208142 0.00439756 3.51742e-07 1.37674e-06 0.00927179 3.92197e-07 1.35674e-06 2.804e-07 3.44101e-09 3.43635e-07 8.27301e-12 2.63424e-13 3.09984e-15 2.49363e-12 1.06114e-11 1.2729e-08 2.69558e-18 4.09993e-08 1.69142e-12 1.12494e-08 4.86899e-09 5.95596e-09 3.69912e-11 4.03471e-17 
0.0517277 2145.74 1782 2.57158 0.862333 2620 1.73603 1.168 1325.79 934.45 525.95 0.55 0.9 443868 0.6 7.55433e+07 6.16191e+07 0.770337 0.00138855 0.000107191 0.00589057 0.000401521 0.208253 0.00434868 3.53742e-07 1.36771e-06 0.00927003 3.44708e-07 1.35039e-06 2.80386e-07 3.47902e-09 3.4917e-07 8.366e-12 2.57335e-13 3.0716e-15 2.21491e-12 9.97087e-12 1.05155e-08 2.15724e-18 3.96123e-08 1.70638e-12 1.06707e-08 4.81446e-09 5.215e-09 3.47895e-11 3.72698e-17 
0.0517766 2135.42 1782.33 2.55882 0.862333 2620 1.73591 1.168 1325.82 934.45 525.95 0.55 0.9 442480 0.6 7.40348e+07 5.78927e+07 0.770337 0.00137455 0.000105343 0.00579929 0.000390526 0.20847 0.00425255 3.5743e-07 1.35012e-06 0.0092666 2.90795e-07 1.3384e-06 2.80965e-07 3.55402e-09 3.60182e-07 8.55068e-12 2.49133e-13 3.02767e-15 1.93435e-12 9.15707e-12 8.285e-09 1.70835e-18 3.71908e-08 1.73527e-12 9.97178e-09 4.70672e-09 4.43586e-09 3.21159e-11 3.4432e-17 
0.051801 2130.38 1782.47 2.5526 0.862333 2620 1.73584 1.168 1325.83 934.45 525.95 0.55 0.9 441800 0.6 7.32725e+07 5.61175e+07 0.770337 0.00136766 0.000104424 0.00575414 0.000385114 0.208577 0.00420542 3.59151e-07 1.34155e-06 0.00926494 2.73853e-07 1.33273e-06 2.81425e-07 3.59115e-09 3.65671e-07 8.64286e-12 2.45883e-13 3.00843e-15 1.85355e-12 8.85538e-12 7.63553e-09 1.59401e-18 3.60876e-08 1.74934e-12 9.72556e-09 4.65367e-09 4.19664e-09 3.11616e-11 3.36245e-17 
0.0518254 2125.42 1782.58 2.54648 0.862333 2620 1.73579 1.168 1325.84 934.45 525.95 0.55 0.9 441131 0.6 7.25082e+07 5.44053e+07 0.770338 0.00136083 0.000103509 0.00570926 0.000379761 0.208683 0.00415892 3.60785e-07 1.33311e-06 0.0092633 2.61922e-07 1.32728e-06 2.81975e-07 3.62798e-09 3.71145e-07 8.73478e-12 2.43029e-13 2.99042e-15 1.80016e-12 8.60304e-12 7.19553e-09 1.5249e-18 3.50443e-08 1.76312e-12 9.52705e-09 4.60117e-09 4.02473e-09 3.03854e-11 3.30647e-17 
0.0518498 2120.55 1782.68 2.54046 0.862333 2620 1.73574 1.168 1325.85 934.45 525.95 0.55 0.9 440470 0.6 7.17425e+07 5.27502e+07 0.770338 0.00135407 0.000102598 0.00566462 0.000374469 0.208788 0.00411304 3.62336e-07 1.32478e-06 0.0092617 2.53542e-07 1.32203e-06 2.82598e-07 3.66451e-09 3.766e-07 8.82643e-12 2.40454e-13 2.97327e-15 1.76492e-12 8.38493e-12 6.89194e-09 1.48342e-18 3.40515e-08 1.77663e-12 9.36116e-09 4.54922e-09 3.89696e-09 2.97308e-11 3.26582e-17 
0.0518742 2115.76 1782.76 2.53454 0.862333 2620 1.73571 1.168 1325.85 934.45 525.95 0.55 0.9 439819 0.6 7.09759e+07 5.11503e+07 0.770338 0.00134736 0.000101691 0.00562021 0.000369239 0.208892 0.0040678 3.63807e-07 1.31655e-06 0.00926013 2.47691e-07 1.31697e-06 2.83281e-07 3.70074e-09 3.82036e-07 8.9178e-12 2.38089e-13 2.95674e-15 1.74177e-12 8.19139e-12 6.67775e-09 1.45942e-18 3.3103e-08 1.78985e-12 9.21804e-09 4.49783e-09 3.79841e-09 2.91617e-11 3.23505e-17 
0.0518986 2111.04 1782.82 2.52871 0.862333 2620 1.73568 1.168 1325.86 934.45 525.95 0.55 0.9 439178 0.6 7.02086e+07 4.96039e+07 0.770338 0.00134072 0.000100789 0.005576 0.000364075 0.208994 0.00402321 3.65198e-07 1.30842e-06 0.00925858 2.43644e-07 1.3121e-06 2.84015e-07 3.73667e-09 3.87452e-07 9.00887e-12 2.35886e-13 2.94068e-15 1.72674e-12 8.01611e-12 6.52256e-09 1.44677e-18 3.21941e-08 1.80279e-12 9.0912e-09 4.44702e-09 3.71944e-09 2.86548e-11 3.21087e-17 
0.051923 2106.41 1782.86 2.52299 0.862333 2620 1.73566 1.168 1325.86 934.45 525.95 0.55 0.9 438546 0.6 6.94413e+07 4.81095e+07 0.770338 0.00133414 9.98922e-05 0.005532 0.000358976 0.209096 0.00397925 3.66512e-07 1.30038e-06 0.00925707 2.40891e-07 1.30741e-06 2.84792e-07 3.77228e-09 3.92846e-07 9.09962e-12 2.33814e-13 2.92498e-15 1.71723e-12 7.85491e-12 6.40658e-09 1.44164e-18 3.13213e-08 1.81546e-12 8.97627e-09 4.39678e-09 3.65377e-09 2.81945e-11 3.1912e-17 
0.0519719 2097.37 1782.9 2.51181 0.862333 2620 1.73565 1.168 1325.87 934.45 525.95 0.55 0.9 437309 0.6 6.79152e+07 4.52627e+07 0.770339 0.00132114 9.81129e-05 0.00544452 0.000348968 0.209297 0.00389319 3.68902e-07 1.2845e-06 0.00925413 2.38167e-07 1.29853e-06 2.86463e-07 3.84251e-09 4.03559e-07 9.27981e-12 2.29995e-13 2.89435e-15 1.7095e-12 7.56596e-12 6.25302e-09 1.44664e-18 2.96749e-08 1.83986e-12 8.77307e-09 4.29798e-09 3.54974e-09 2.73824e-11 3.16126e-17 
0.0520207 2088.61 1782.88 2.50099 0.862333 2620 1.73568 1.168 1325.86 934.45 525.95 0.55 0.9 436105 0.6 6.6392e+07 4.25984e+07 0.770339 0.00130838 9.63573e-05 0.0053578 0.000339224 0.209494 0.00380955 3.71012e-07 1.26889e-06 0.00925129 2.37376e-07 1.29024e-06 2.88261e-07 3.91157e-09 4.14188e-07 9.45865e-12 2.26508e-13 2.86452e-15 1.70931e-12 7.30853e-12 6.14977e-09 1.46173e-18 2.81447e-08 1.86316e-12 8.5924e-09 4.20149e-09 3.46482e-09 2.66678e-11 3.13848e-17 
0.0520695 2080.12 1782.79 2.49049 0.862333 2620 1.73574 1.168 1325.86 934.45 525.95 0.55 0.9 434934 0.6 6.48745e+07 4.01049e+07 0.77034 0.00129583 9.4627e-05 0.00527188 0.000329744 0.209688 0.0037283 3.72852e-07 1.25352e-06 0.00924856 2.37695e-07 1.2825e-06 2.90166e-07 3.97944e-09 4.24729e-07 9.63594e-12 2.23295e-13 2.83527e-15 1.71343e-12 7.07606e-12 6.07398e-09 1.48267e-18 2.67196e-08 1.88536e-12 8.42799e-09 4.10733e-09 3.39148e-09 2.60283e-11 3.1204e-17 
0.0521184 2071.89 1782.66 2.48032 0.862333 2620 1.73582 1.168 1325.84 934.45 525.95 0.55 0.9 433794 0.6 6.33649e+07 3.77683e+07 0.77034 0.00128352 9.29231e-05 0.00518679 0.000320528 0.209877 0.00364936 3.74433e-07 1.23835e-06 0.00924592 2.38684e-07 1.27524e-06 2.92162e-07 4.0461e-09 4.35171e-07 9.81148e-12 2.20313e-13 2.80645e-15 1.72026e-12 6.86451e-12 6.01491e-09 1.50743e-18 2.53902e-08 1.90643e-12 8.27626e-09 4.01548e-09 3.32603e-09 2.54507e-11 3.10568e-17 
0.0521672 2063.9 1782.47 2.47045 0.862333 2620 1.73601 1.168 1325.83 934.45 525.95 0.55 0.9 432684 0.6 6.18655e+07 3.5583e+07 0.77034 0.00127142 9.12465e-05 0.00510259 0.000311574 0.210063 0.0035727 3.75763e-07 1.22336e-06 0.00924337 2.40106e-07 1.26843e-06 2.94235e-07 4.1115e-09 4.45507e-07 9.98502e-12 2.1753e-13 2.77791e-15 1.72898e-12 6.67103e-12 5.9672e-09 1.53497e-18 2.41484e-08 1.92636e-12 8.13494e-09 3.92592e-09 3.26651e-09 2.49264e-11 3.09349e-17 
0.0522648 2048.66 1781.94 2.4516 0.862333 2620 1.73633 1.168 1325.78 934.45 525.95 0.55 0.9 430554 0.6 5.89308e+07 3.16139e+07 0.770341 0.00124786 8.79713e-05 0.00493674 0.000294412 0.210423 0.00342581 3.7766e-07 1.19374e-06 0.00923853 2.43849e-07 1.25598e-06 2.98564e-07 4.23818e-09 4.65791e-07 1.03242e-11 2.12455e-13 2.72111e-15 1.75058e-12 6.33125e-12 5.89728e-09 1.59675e-18 2.19014e-08 1.96241e-12 7.87802e-09 3.75333e-09 3.16154e-09 2.40164e-11 3.07474e-17 
0.0523625 2034.22 1781.24 2.43375 0.862333 2620 1.73661 1.168 1325.72 934.45 525.95 0.55 0.9 428524 0.6 5.60511e+07 2.8106e+07 0.770342 0.00122513 8.48083e-05 0.00477441 0.000278202 0.210771 0.00328672 3.78709e-07 1.16461e-06 0.00923398 2.48313e-07 1.24473e-06 3.03101e-07 4.36038e-09 4.8569e-07 1.06547e-11 2.07919e-13 2.66489e-15 1.776e-12 6.0408e-12 5.85018e-09 1.66571e-18 1.99205e-08 1.99403e-12 7.64774e-09 3.58924e-09 3.0702e-09 2.32513e-11 3.06163e-17 
0.0524113 2027.27 1780.84 2.42516 0.862333 2620 1.73684 1.168 1325.68 934.45 525.95 0.55 0.9 427543 0.6 5.46217e+07 2.65086e+07 0.770343 0.00121408 8.32722e-05 0.00469473 0.000270448 0.210939 0.00321996 3.7896e-07 1.15024e-06 0.0092318 2.5075e-07 1.23946e-06 3.05432e-07 4.41996e-09 4.95512e-07 1.08168e-11 2.05823e-13 2.63706e-15 1.7898e-12 5.91083e-12 5.83326e-09 1.70258e-18 1.9017e-08 2.0083e-12 7.54083e-09 3.51038e-09 3.02861e-09 2.29135e-11 3.05675e-17 
0.0524602 2020.52 1780.39 2.41681 0.862333 2620 1.73707 1.168 1325.64 934.45 525.95 0.55 0.9 426586 0.6 5.32115e+07 2.50135e+07 0.770343 0.00120325 8.17655e-05 0.00461609 0.000262927 0.211104 0.00315505 3.79019e-07 1.13597e-06 0.00922968 2.53323e-07 1.23443e-06 3.07794e-07 4.4783e-09 5.05211e-07 1.09762e-11 2.03824e-13 2.60928e-15 1.80423e-12 5.79044e-12 5.82056e-09 1.74097e-18 1.8168e-08 2.02144e-12 7.43887e-09 3.43359e-09 2.98956e-09 2.26042e-11 3.05268e-17 
0.052509 2013.94 1779.91 2.40868 0.862333 2620 1.73733 1.168 1325.6 934.45 525.95 0.55 0.9 425653 0.6 5.18216e+07 2.36095e+07 0.770344 0.00119262 8.02882e-05 0.00453852 0.000255632 0.211266 0.00309194 3.78893e-07 1.12181e-06 0.00922763 2.56018e-07 1.2296e-06 3.10178e-07 4.5354e-09 5.14781e-07 1.11325e-11 2.01909e-13 2.58154e-15 1.81919e-12 5.67871e-12 5.81162e-09 1.78077e-18 1.7369e-08 2.03342e-12 7.34128e-09 3.35883e-09 2.95276e-09 2.23206e-11 3.04923e-17 
0.0525578 2007.54 1779.4 2.40077 0.862333 2620 1.73761 1.168 1325.55 934.45 525.95 0.55 0.9 424742 0.6 5.04529e+07 2.22907e+07 0.770344 0.00118219 7.88401e-05 0.00446204 0.000248557 0.211424 0.00303057 3.78592e-07 1.10775e-06 0.00922564 2.58825e-07 1.22495e-06 3.1258e-07 4.59124e-09 5.24219e-07 1.12856e-11 2.00068e-13 2.55382e-15 1.83458e-12 5.57486e-12 5.80607e-09 1.82188e-18 1.66164e-08 2.04425e-12 7.24761e-09 3.28605e-09 2.91799e-09 2.20604e-11 3.04627e-17 
0.0526066 2001.31 1778.86 2.39307 0.862333 2620 1.73789 1.168 1325.5 934.45 525.95 0.55 0.9 423852 0.6 4.91059e+07 2.10516e+07 0.770345 0.00117196 7.74213e-05 0.00438666 0.000241696 0.211579 0.00297089 3.78124e-07 1.09378e-06 0.00922371 2.61736e-07 1.22046e-06 3.14996e-07 4.64584e-09 5.3352e-07 1.14354e-11 1.98293e-13 2.52613e-15 1.85033e-12 5.47822e-12 5.80359e-09 1.86425e-18 1.5907e-08 2.05395e-12 7.15748e-09 3.2152e-09 2.88506e-09 2.18218e-11 3.04366e-17 
0.0526555 1995.24 1778.29 2.38557 0.862333 2620 1.7382 1.168 1325.45 934.45 525.95 0.55 0.9 422984 0.6 4.77813e+07 1.98868e+07 0.770346 0.00116192 7.60315e-05 0.00431239 0.000235045 0.211731 0.00291283 3.77496e-07 1.07991e-06 0.00922183 2.64743e-07 1.21612e-06 3.1742e-07 4.69918e-09 5.42683e-07 1.15818e-11 1.96578e-13 2.49848e-15 1.86639e-12 5.38818e-12 5.80389e-09 1.90781e-18 1.52376e-08 2.06252e-12 7.07055e-09 3.14625e-09 2.85379e-09 2.16029e-11 3.04132e-17 
0.0527043 1989.32 1777.7 2.37826 0.862333 2620 1.73852 1.168 1325.4 934.45 525.95 0.55 0.9 422136 0.6 4.64797e+07 1.87917e+07 0.770346 0.00115208 7.46705e-05 0.00423926 0.000228596 0.211879 0.00285635 3.76716e-07 1.06613e-06 0.00922001 2.67842e-07 1.2119e-06 3.1985e-07 4.75128e-09 5.51705e-07 1.17248e-11 1.94914e-13 2.47086e-15 1.88268e-12 5.30422e-12 5.80674e-09 1.95251e-18 1.46055e-08 2.06999e-12 6.98652e-09 3.07914e-09 2.82403e-09 2.14022e-11 3.03914e-17 
0.0527531 1983.56 1777.08 2.37113 0.862333 2620 1.73885 1.168 1325.34 934.45 525.95 0.55 0.9 421307 0.6 4.52014e+07 1.77616e+07 0.770347 0.00114243 7.3338e-05 0.00416726 0.000222345 0.212025 0.00280141 3.75794e-07 1.05245e-06 0.00921823 2.71026e-07 1.20778e-06 3.22281e-07 4.80215e-09 5.60584e-07 1.18641e-11 1.93299e-13 2.44329e-15 1.89916e-12 5.22584e-12 5.81191e-09 1.9983e-18 1.40082e-08 2.07636e-12 6.90513e-09 3.01384e-09 2.79564e-09 2.12183e-11 3.03707e-17 
0.052802 1977.93 1776.43 2.36419 0.862333 2620 1.73919 1.168 1325.29 934.45 525.95 0.55 0.9 420498 0.6 4.39468e+07 1.67925e+07 0.770347 0.00113297 7.20337e-05 0.0040964 0.000216286 0.212167 0.00274794 3.74735e-07 1.03886e-06 0.0092165 2.7429e-07 1.20377e-06 3.24713e-07 4.85178e-09 5.69317e-07 1.19998e-11 1.91725e-13 2.41578e-15 1.91578e-12 5.15262e-12 5.8192e-09 2.04512e-18 1.34433e-08 2.08166e-12 6.82616e-09 2.95029e-09 2.76852e-09 2.10499e-11 3.03502e-17 
0.0528508 1972.45 1775.76 2.35742 0.862333 2620 1.73955 1.168 1325.22 934.45 525.95 0.55 0.9 419707 0.6 4.2716e+07 1.58804e+07 0.770348 0.00112369 7.07573e-05 0.00402668 0.000210413 0.212306 0.0026959 3.73547e-07 1.02538e-06 0.00921482 2.77629e-07 1.19984e-06 3.27141e-07 4.90018e-09 5.77904e-07 1.21317e-11 1.90189e-13 2.38834e-15 1.93251e-12 5.08414e-12 5.82844e-09 2.09294e-18 1.29085e-08 2.08591e-12 6.74938e-09 2.88846e-09 2.74254e-09 2.08958e-11 3.03296e-17 
0.0528996 1967.11 1775.07 2.35081 0.862333 2620 1.73991 1.168 1325.16 934.45 525.95 0.55 0.9 418933 0.6 4.15094e+07 1.50217e+07 0.770348 0.00111459 6.95084e-05 0.0039581 0.000204722 0.212442 0.00264526 3.72238e-07 1.012e-06 0.00921319 2.8104e-07 1.19598e-06 3.29563e-07 4.94737e-09 5.86343e-07 1.22598e-11 1.88687e-13 2.36098e-15 1.94929e-12 5.02006e-12 5.83946e-09 2.1417e-18 1.24021e-08 2.08912e-12 6.67462e-09 2.82829e-09 2.71762e-09 2.07551e-11 3.03081e-17 
0.0529484 1961.89 1774.36 2.34437 0.862333 2620 1.74029 1.168 1325.1 934.45 525.95 0.55 0.9 418177 0.6 4.0327e+07 1.4213e+07 0.770349 0.00110567 6.82866e-05 0.00389067 0.000199206 0.212576 0.00259596 3.70814e-07 9.98721e-07 0.00921159 2.84519e-07 1.19219e-06 3.31978e-07 4.99334e-09 5.94632e-07 1.23841e-11 1.87216e-13 2.33372e-15 1.96611e-12 4.96005e-12 5.85211e-09 2.19137e-18 1.1922e-08 2.09133e-12 6.60173e-09 2.76975e-09 2.69367e-09 2.06267e-11 3.02856e-17 
0.0529973 1956.8 1773.63 2.33808 0.862333 2620 1.74068 1.168 1325.03 934.45 525.95 0.55 0.9 417438 0.6 3.91689e+07 1.34514e+07 0.77035 0.00109692 6.70916e-05 0.00382438 0.000193861 0.212706 0.00254797 3.69282e-07 9.8555e-07 0.00921004 2.8806e-07 1.18845e-06 3.34383e-07 5.03812e-09 6.0277e-07 1.25045e-11 1.85772e-13 2.30657e-15 1.98291e-12 4.90381e-12 5.86627e-09 2.24189e-18 1.14667e-08 2.09256e-12 6.53054e-09 2.71279e-09 2.6706e-09 2.05097e-11 3.02616e-17 
0.0530461 1951.83 1772.88 2.33194 0.862333 2620 1.74107 1.168 1324.96 934.45 525.95 0.55 0.9 416715 0.6 3.80351e+07 1.27338e+07 0.77035 0.00108834 6.59228e-05 0.00375923 0.000188681 0.212834 0.00250123 3.67648e-07 9.72489e-07 0.00920853 2.91661e-07 1.18475e-06 3.36777e-07 5.08171e-09 6.10757e-07 1.26209e-11 1.84355e-13 2.27955e-15 1.99968e-12 4.85109e-12 5.88181e-09 2.29323e-18 1.10345e-08 2.09283e-12 6.46095e-09 2.65736e-09 2.64836e-09 2.04035e-11 3.02357e-17 
0.0530949 1946.97 1772.11 2.32595 0.862333 2620 1.74148 1.168 1324.89 934.45 525.95 0.55 0.9 416008 0.6 3.69255e+07 1.20576e+07 0.770351 0.00107994 6.47799e-05 0.00369521 0.000183662 0.212959 0.00245573 3.65919e-07 9.59541e-07 0.00920705 2.95317e-07 1.1811e-06 3.39158e-07 5.12412e-09 6.18591e-07 1.27334e-11 1.8296e-13 2.25266e-15 2.01638e-12 4.80162e-12 5.89862e-09 2.34534e-18 1.0624e-08 2.09217e-12 6.39283e-09 2.60344e-09 2.62688e-09 2.03072e-11 3.02079e-17 
0.0531438 1942.23 1771.33 2.32009 0.862333 2620 1.74189 1.168 1324.82 934.45 525.95 0.55 0.9 415316 0.6 3.58401e+07 1.14205e+07 0.770351 0.00107169 6.36624e-05 0.00363233 0.000178799 0.213081 0.00241142 3.641e-07 9.46707e-07 0.00920561 2.99026e-07 1.17748e-06 3.41524e-07 5.16535e-09 6.26272e-07 1.28419e-11 1.81586e-13 2.22592e-15 2.033e-12 4.7552e-12 5.9166e-09 2.39819e-18 1.0234e-08 2.0906e-12 6.32609e-09 2.55097e-09 2.6061e-09 2.02201e-11 3.01778e-17 
0.0531926 1937.6 1770.53 2.31438 0.862333 2620 1.74232 1.168 1324.75 934.45 525.95 0.55 0.9 414639 0.6 3.47787e+07 1.07825e+07 0.770352 0.00106361 6.25699e-05 0.00357058 0.000174087 0.213201 0.00236826 3.62198e-07 9.33992e-07 0.00920421 3.02783e-07 1.17389e-06 3.43875e-07 5.20543e-09 6.33798e-07 1.29464e-11 1.80232e-13 2.19934e-15 2.0495e-12 4.71162e-12 5.93565e-09 2.45172e-18 9.86302e-09 2.08816e-12 6.26063e-09 2.49991e-09 2.58596e-09 2.01417e-11 3.01452e-17 
0.0532414 1933.08 1769.72 2.30879 0.862333 2620 1.74297 1.168 1324.68 934.45 525.95 0.55 0.9 413976 0.6 3.37413e+07 1.02272e+07 0.770352 0.00105569 6.15019e-05 0.00350996 0.000169521 0.213318 0.00232622 3.60217e-07 9.21399e-07 0.00920284 3.06586e-07 1.17032e-06 3.46208e-07 5.24434e-09 6.41168e-07 1.30468e-11 1.78896e-13 2.17293e-15 2.06586e-12 4.67069e-12 5.95571e-09 2.5059e-18 9.5101e-09 2.08488e-12 6.19637e-09 2.45024e-09 2.56644e-09 2.00715e-11 3.011e-17 
0.0533391 1924.35 1768.05 2.29802 0.862333 2620 1.74386 1.168 1324.53 934.45 525.95 0.55 0.9 412694 0.6 3.17569e+07 9.22107e+06 0.770354 0.0010403 5.94355e-05 0.00339198 0.000160807 0.213545 0.00224536 3.56024e-07 8.96553e-07 0.0092002 3.1433e-07 1.16323e-06 3.50815e-07 5.31861e-09 6.55415e-07 1.32351e-11 1.76264e-13 2.12056e-15 2.09811e-12 4.59627e-12 5.99868e-09 2.61604e-18 8.85422e-09 2.07575e-12 6.0711e-09 2.3548e-09 2.52906e-09 1.99538e-11 3.00301e-17 
0.0534367 1915.97 1766.34 2.28768 0.862333 2620 1.74454 1.168 1324.37 934.45 525.95 0.55 0.9 411461 0.6 2.98609e+07 8.28379e+06 0.770355 0.00102549 5.7458e-05 0.00327794 0.0001526 0.213762 0.00216834 3.51577e-07 8.72148e-07 0.00919766 3.22228e-07 1.15614e-06 3.55364e-07 5.38876e-09 6.69109e-07 1.3408e-11 1.73694e-13 2.06902e-15 2.12975e-12 4.53018e-12 6.04482e-09 2.72877e-18 8.25656e-09 2.06359e-12 5.94971e-09 2.26424e-09 2.49354e-09 1.98619e-11 2.9941e-17 
0.0534855 1911.9 1765.46 2.28266 0.862333 2620 1.745 1.168 1324.29 934.45 525.95 0.55 0.9 410862 0.6 2.8936e+07 7.82671e+06 0.770355 0.00101831 5.65021e-05 0.00322236 0.000148678 0.213868 0.0021312 3.49279e-07 8.60125e-07 0.00919644 3.26226e-07 1.15257e-06 3.57617e-07 5.42242e-09 6.75767e-07 1.3489e-11 1.72433e-13 2.04363e-15 2.14534e-12 4.49985e-12 6.06887e-09 2.78609e-18 7.97742e-09 2.05648e-12 5.89038e-09 2.22071e-09 2.47639e-09 1.98244e-11 2.98937e-17 
0.0535344 1907.92 1764.58 2.27775 0.862333 2620 1.74547 1.168 1324.21 934.45 525.95 0.55 0.9 410274 0.6 2.80335e+07 7.41998e+06 0.770356 0.00101126 5.55676e-05 0.0031678 0.000144875 0.213971 0.00209498 3.46931e-07 8.48228e-07 0.00919524 3.30259e-07 1.149e-06 3.59852e-07 5.45505e-09 6.82279e-07 1.35662e-11 1.71186e-13 2.01848e-15 2.16073e-12 4.47132e-12 6.09357e-09 2.84394e-18 7.71089e-09 2.04871e-12 5.83194e-09 2.17834e-09 2.45965e-09 1.97924e-11 2.98439e-17 
0.0535832 1904.02 1763.68 2.27295 0.862333 2620 1.74595 1.168 1324.13 934.45 525.95 0.55 0.9 409698 0.6 2.71532e+07 7.03497e+06 0.770356 0.00100435 5.46541e-05 0.00311425 0.000141188 0.214072 0.00205964 3.44538e-07 8.36461e-07 0.00919406 3.34324e-07 1.14543e-06 3.62067e-07 5.48667e-09 6.88647e-07 1.36395e-11 1.69951e-13 1.99357e-15 2.17591e-12 4.44447e-12 6.11887e-09 2.90228e-18 7.45621e-09 2.0403e-12 5.77434e-09 2.13707e-09 2.44328e-09 1.97657e-11 2.97915e-17 
0.053632 1900.21 1762.78 2.26824 0.862333 2620 1.74643 1.168 1324.04 934.45 525.95 0.55 0.9 409133 0.6 2.62946e+07 6.67045e+06 0.770357 0.00099758 5.37611e-05 0.00306169 0.000137613 0.214171 0.00202517 3.42103e-07 8.24823e-07 0.00919292 3.38416e-07 1.14185e-06 3.64263e-07 5.51728e-09 6.94871e-07 1.3709e-11 1.68728e-13 1.96891e-15 2.19087e-12 4.41918e-12 6.14471e-09 2.96106e-18 7.21274e-09 2.03127e-12 5.71754e-09 2.09689e-09 2.42726e-09 1.97438e-11 2.97367e-17 
0.0536809 1896.47 1761.86 2.26363 0.862333 2620 1.74691 1.168 1323.96 934.45 525.95 0.55 0.9 408580 0.6 2.54575e+07 6.32527e+06 0.770357 0.000990939 5.28882e-05 0.00301011 0.000134147 0.214267 0.00199154 3.39631e-07 8.13318e-07 0.00919179 3.42535e-07 1.13826e-06 3.66438e-07 5.54691e-09 7.00952e-07 1.37747e-11 1.67516e-13 1.94451e-15 2.20561e-12 4.39538e-12 6.17105e-09 3.02025e-18 6.97985e-09 2.02165e-12 5.66151e-09 2.05776e-09 2.41158e-09 1.97264e-11 2.96794e-17 
0.0537297 1892.8 1760.94 2.25912 0.862333 2620 1.7474 1.168 1323.87 934.45 525.95 0.55 0.9 408036 0.6 2.46414e+07 5.9984e+06 0.770358 0.000984429 5.20348e-05 0.0029595 0.000130785 0.214362 0.00195872 3.37125e-07 8.01946e-07 0.00919069 3.46677e-07 1.13466e-06 3.68593e-07 5.57556e-09 7.0689e-07 1.38367e-11 1.66316e-13 1.92037e-15 2.2201e-12 4.37296e-12 6.19785e-09 3.07983e-18 6.75699e-09 2.01148e-12 5.60624e-09 2.01966e-09 2.3962e-09 1.97134e-11 2.96196e-17 
0.0537785 1889.21 1760.01 2.25469 0.862333 2620 1.74789 1.168 1323.79 934.45 525.95 0.55 0.9 407504 0.6 2.3846e+07 5.63935e+06 0.770358 0.000978045 5.12007e-05 0.00290986 0.000127524 0.214455 0.00192669 3.34588e-07 7.9071e-07 0.00918961 3.50839e-07 1.13105e-06 3.70726e-07 5.60325e-09 7.12688e-07 1.3895e-11 1.65127e-13 1.89649e-15 2.23435e-12 4.35186e-12 6.22506e-09 3.13975e-18 6.54363e-09 2.00077e-12 5.55168e-09 1.98254e-09 2.38112e-09 1.97044e-11 2.95574e-17 
0.0538273 1885.7 1759.07 2.25036 0.862333 2620 1.74865 1.168 1323.7 934.45 525.95 0.55 0.9 406981 0.6 2.30711e+07 5.36152e+06 0.770359 0.000971786 5.03853e-05 0.00286117 0.000124362 0.214546 0.00189543 3.32024e-07 7.7961e-07 0.00918856 3.55021e-07 1.12743e-06 3.72839e-07 5.63e-09 7.18344e-07 1.39496e-11 1.63949e-13 1.87288e-15 2.24834e-12 4.33199e-12 6.25267e-09 3.19997e-18 6.33927e-09 1.98956e-12 5.49783e-09 1.94639e-09 2.36632e-09 1.96992e-11 2.94929e-17 
0.053925 1878.88 1757.18 2.24196 0.862333 2620 1.74966 1.168 1323.53 934.45 525.95 0.55 0.9 405966 0.6 2.15956e+07 4.86712e+06 0.77036 0.000959625 4.8808e-05 0.00276655 0.000118318 0.214721 0.00183512 3.26815e-07 7.57807e-07 0.00918651 3.63441e-07 1.12015e-06 3.76996e-07 5.6806e-09 7.29222e-07 1.40477e-11 1.61619e-13 1.82643e-15 2.27555e-12 4.29579e-12 6.30904e-09 3.32124e-18 5.9558e-09 1.96567e-12 5.39209e-09 1.87682e-09 2.33752e-09 1.96997e-11 2.93561e-17 
0.0540227 1872.3 1755.26 2.23385 0.862333 2620 1.75043 1.168 1323.35 934.45 525.95 0.55 0.9 404985 0.6 2.01936e+07 4.3729e+06 0.770361 0.00094792 4.72978e-05 0.0026752 0.000112614 0.21489 0.00177746 3.21525e-07 7.3649e-07 0.00918453 3.71925e-07 1.11277e-06 3.81084e-07 5.72784e-09 7.39602e-07 1.41321e-11 1.59332e-13 1.78107e-15 2.30181e-12 4.26359e-12 6.36671e-09 3.4439e-18 5.60212e-09 1.94e-12 5.28881e-09 1.81065e-09 2.3096e-09 1.97128e-11 2.9212e-17 
0.0540715 1869.09 1754.29 2.2299 0.862333 2620 1.75094 1.168 1323.26 934.45 525.95 0.55 0.9 404507 0.6 1.95123e+07 4.10906e+06 0.770361 0.000942236 4.65673e-05 0.00263071 0.000109882 0.214972 0.00174957 3.1886e-07 7.26018e-07 0.00918357 3.76184e-07 1.10903e-06 3.83103e-07 5.7503e-09 7.44621e-07 1.41696e-11 1.58206e-13 1.75884e-15 2.3146e-12 4.24881e-12 6.39595e-09 3.50573e-18 5.43547e-09 1.92659e-12 5.23808e-09 1.77879e-09 2.29595e-09 1.97236e-11 2.9138e-17 
0.0541203 1865.94 1753.32 2.22603 0.862333 2620 1.75146 1.168 1323.17 934.45 525.95 0.55 0.9 404037 0.6 1.8849e+07 3.89062e+06 0.770362 0.000936661 4.58528e-05 0.00258705 0.000107231 0.215053 0.00172232 3.16185e-07 7.1568e-07 0.00918263 3.80457e-07 1.10528e-06 3.85104e-07 5.77194e-09 7.49517e-07 1.42037e-11 1.5709e-13 1.7369e-15 2.32714e-12 4.23492e-12 6.42545e-09 3.56782e-18 5.27542e-09 1.91283e-12 5.18796e-09 1.74772e-09 2.2825e-09 1.9737e-11 2.90623e-17 
0.0541691 1862.85 1752.34 2.22222 0.862333 2620 1.75199 1.168 1323.08 934.45 525.95 0.55 0.9 403575 0.6 1.82035e+07 3.68258e+06 0.770362 0.000931195 4.51541e-05 0.00254421 0.000104657 0.215131 0.00169568 3.13501e-07 7.05475e-07 0.0091817 3.8474e-07 1.10151e-06 3.87086e-07 5.79278e-09 7.54288e-07 1.42346e-11 1.55985e-13 1.71524e-15 2.33942e-12 4.22186e-12 6.45518e-09 3.63011e-18 5.12161e-09 1.89874e-12 5.13843e-09 1.71743e-09 2.26925e-09 1.97531e-11 2.89849e-17 
0.054218 1859.81 1751.35 2.21849 0.862333 2620 1.75251 1.168 1322.99 934.45 525.95 0.55 0.9 403121 0.6 1.75753e+07 3.4844e+06 0.770363 0.000925834 4.44707e-05 0.00250218 0.000102158 0.215208 0.00166964 3.1081e-07 6.95405e-07 0.00918079 3.89032e-07 1.09772e-06 3.89048e-07 5.81283e-09 7.58938e-07 1.42624e-11 1.5489e-13 1.69388e-15 2.35145e-12 4.20959e-12 6.48513e-09 3.69258e-18 4.97375e-09 1.88435e-12 5.08949e-09 1.68789e-09 2.25619e-09 1.97716e-11 2.89061e-17 
0.0542668 1856.83 1750.36 2.21482 0.862333 2620 1.75304 1.168 1322.9 934.45 525.95 0.55 0.9 402675 0.6 1.6964e+07 3.29555e+06 0.770363 0.000920576 4.38023e-05 0.00246094 9.97311e-05 0.215284 0.00164419 3.08115e-07 6.85468e-07 0.0091799 3.93332e-07 1.0939e-06 3.90991e-07 5.83212e-09 7.63469e-07 1.42871e-11 1.53806e-13 1.67281e-15 2.36322e-12 4.19805e-12 6.51526e-09 3.7552e-18 4.83154e-09 1.86967e-12 5.04113e-09 1.65909e-09 2.2433e-09 1.97924e-11 2.88258e-17 
0.0543156 1853.9 1749.37 2.21122 0.862333 2620 1.75357 1.168 1322.8 934.45 525.95 0.55 0.9 402236 0.6 1.63693e+07 3.11558e+06 0.770364 0.00091542 4.31486e-05 0.00242049 9.73744e-05 0.215358 0.0016193 3.05418e-07 6.75665e-07 0.00917903 3.97637e-07 1.09007e-06 3.92915e-07 5.85065e-09 7.67882e-07 1.43088e-11 1.52732e-13 1.65204e-15 2.37473e-12 4.18723e-12 6.54555e-09 3.81796e-18 4.69472e-09 1.85472e-12 4.99333e-09 1.631e-09 2.23059e-09 1.98153e-11 2.87442e-17 
0.0543645 1851.02 1748.38 2.20768 0.862333 2620 1.75411 1.168 1322.71 934.45 525.95 0.55 0.9 401805 0.6 1.57908e+07 2.94404e+06 0.770364 0.000910362 4.25092e-05 0.0023808 9.50857e-05 0.21543 0.00159496 3.02721e-07 6.65997e-07 0.00917817 4.01946e-07 1.08623e-06 3.9482e-07 5.86844e-09 7.72179e-07 1.43275e-11 1.51668e-13 1.63155e-15 2.38598e-12 4.17706e-12 6.57599e-09 3.88082e-18 4.56305e-09 1.83954e-12 4.9461e-09 1.6036e-09 2.21804e-09 1.98403e-11 2.86613e-17 
0.0544133 1848.19 1747.38 2.2042 0.862333 2620 1.75464 1.168 1322.62 934.45 525.95 0.55 0.9 401381 0.6 1.52281e+07 2.78057e+06 0.770365 0.000905403 4.18838e-05 0.00234187 9.2863e-05 0.215501 0.00157117 3.00027e-07 6.56463e-07 0.00917732 4.06258e-07 1.08236e-06 3.96706e-07 5.88552e-09 7.76364e-07 1.43434e-11 1.50615e-13 1.61136e-15 2.39697e-12 4.16753e-12 6.60655e-09 3.94377e-18 4.43629e-09 1.82414e-12 4.89943e-09 1.57688e-09 2.20564e-09 1.98672e-11 2.85773e-17 
0.0544621 1845.41 1746.37 2.20078 0.862333 2620 1.75518 1.168 1322.52 934.45 525.95 0.55 0.9 400964 0.6 1.46808e+07 2.62483e+06 0.770365 0.000900538 4.1272e-05 0.00230369 9.07041e-05 0.215571 0.00154789 2.97335e-07 6.47064e-07 0.00917649 4.10572e-07 1.07848e-06 3.98574e-07 5.90189e-09 7.80436e-07 1.43565e-11 1.49572e-13 1.59147e-15 2.4077e-12 4.1586e-12 6.63721e-09 4.00677e-18 4.31422e-09 1.80855e-12 4.85331e-09 1.55081e-09 2.1934e-09 1.98959e-11 2.84921e-17 
0.0545109 1842.68 1745.36 2.19742 0.862333 2620 1.75572 1.168 1322.43 934.45 525.95 0.55 0.9 400554 0.6 1.41486e+07 2.47655e+06 0.770366 0.000895767 4.06737e-05 0.00226624 8.86074e-05 0.215639 0.00152513 2.9465e-07 6.37801e-07 0.00917567 4.14885e-07 1.07459e-06 4.00422e-07 5.91758e-09 7.84399e-07 1.43669e-11 1.4854e-13 1.57187e-15 2.41818e-12 4.15024e-12 6.66796e-09 4.06979e-18 4.19663e-09 1.79278e-12 4.80774e-09 1.52538e-09 2.18131e-09 1.99264e-11 2.84059e-17 
0.0545598 1839.99 1744.35 2.19412 0.862333 2620 1.75626 1.168 1322.33 934.45 525.95 0.55 0.9 400151 0.6 1.36312e+07 2.27741e+06 0.770366 0.000891087 4.00884e-05 0.00222954 8.6571e-05 0.215705 0.00150287 2.91972e-07 6.28674e-07 0.00917487 4.19197e-07 1.07068e-06 4.02252e-07 5.9326e-09 7.88254e-07 1.43747e-11 1.47518e-13 1.55256e-15 2.42839e-12 4.14242e-12 6.69878e-09 4.13282e-18 4.08334e-09 1.77686e-12 4.76271e-09 1.50057e-09 2.16936e-09 1.99584e-11 2.83188e-17 
0.0546086 1837.35 1743.34 2.19087 0.862333 2620 1.75708 1.168 1322.24 934.45 525.95 0.55 0.9 399754 0.6 1.31282e+07 2.16211e+06 0.770367 0.000886498 3.9516e-05 0.00219356 8.45932e-05 0.21577 0.00148111 2.89304e-07 6.19686e-07 0.00917408 4.23505e-07 1.06676e-06 4.04063e-07 5.94696e-09 7.92002e-07 1.438e-11 1.46506e-13 1.53354e-15 2.43834e-12 4.13511e-12 6.72964e-09 4.1958e-18 3.97416e-09 1.76081e-12 4.71822e-09 1.47637e-09 2.15755e-09 1.9992e-11 2.82307e-17 
0.0547062 1832.2 1741.31 2.18455 0.862333 2620 1.75818 1.168 1322.05 934.45 525.95 0.55 0.9 398981 0.6 1.21738e+07 1.94401e+06 0.770367 0.000877578 3.8408e-05 0.00212376 8.08063e-05 0.215897 0.00143899 2.83994e-07 6.02114e-07 0.00917255 4.32114e-07 1.0589e-06 4.07626e-07 5.9737e-09 7.99171e-07 1.4383e-11 1.44513e-13 1.49635e-15 2.45744e-12 4.122e-12 6.79151e-09 4.32153e-18 3.76746e-09 1.72836e-12 4.63081e-09 1.42971e-09 2.13433e-09 2.00636e-11 2.80515e-17 
0.0548039 1827.22 1739.27 2.17843 0.862333 2620 1.75928 1.168 1321.86 934.45 525.95 0.55 0.9 398231 0.6 1.12708e+07 1.70937e+06 0.770368 0.000868988 3.73463e-05 0.00205654 7.72254e-05 0.216018 0.00139861 2.7873e-07 5.85044e-07 0.00917107 4.40705e-07 1.05098e-06 4.11124e-07 5.99808e-09 8.05959e-07 1.43766e-11 1.4256e-13 1.46028e-15 2.47558e-12 4.11061e-12 6.8535e-09 4.44717e-18 3.57477e-09 1.69552e-12 4.54541e-09 1.38521e-09 2.11157e-09 2.01404e-11 2.787e-17 
0.0549016 1822.38 1737.22 2.17249 0.862333 2620 1.76039 1.168 1321.66 934.45 525.95 0.55 0.9 397502 0.6 1.04169e+07 1.49512e+06 0.770369 0.000860716 3.63288e-05 0.00199181 7.38389e-05 0.216135 0.00135988 2.73521e-07 5.68472e-07 0.00916963 4.49275e-07 1.043e-06 4.14559e-07 6.02024e-09 8.12383e-07 1.43616e-11 1.40648e-13 1.42531e-15 2.49277e-12 4.10079e-12 6.91552e-09 4.57259e-18 3.395e-09 1.66242e-12 4.46199e-09 1.34276e-09 2.08926e-09 2.0222e-11 2.76866e-17 
0.0549992 1817.68 1735.16 2.16673 0.862333 2620 1.76151 1.168 1321.47 934.45 525.95 0.55 0.9 396795 0.6 9.60945e+06 1.23923e+06 0.77037 0.000852749 3.53537e-05 0.00192953 7.06361e-05 0.216247 0.00132273 2.68375e-07 5.52398e-07 0.00916824 4.57818e-07 1.03498e-06 4.17932e-07 6.0403e-09 8.18459e-07 1.43384e-11 1.38778e-13 1.39144e-15 2.50902e-12 4.0924e-12 6.97746e-09 4.69763e-18 3.22711e-09 1.6292e-12 4.38053e-09 1.30226e-09 2.06737e-09 2.03078e-11 2.75018e-17 
0.0550969 1813.13 1733.1 2.16114 0.862333 2620 1.76319 1.168 1321.27 934.45 525.95 0.55 0.9 396109 0.6 8.84661e+06 1.08181e+06 0.770371 0.000845077 3.44193e-05 0.00186967 6.76074e-05 0.216355 0.0012871 2.63304e-07 5.36828e-07 0.0091669 4.66324e-07 1.02694e-06 4.21242e-07 6.05836e-09 8.24199e-07 1.43078e-11 1.3695e-13 1.35864e-15 2.52435e-12 4.08531e-12 7.03922e-09 4.82206e-18 3.07022e-09 1.59598e-12 4.30102e-09 1.26361e-09 2.0459e-09 2.03973e-11 2.73161e-17 
0.0552922 1804.43 1728.96 2.15048 0.862333 2620 1.76544 1.168 1320.88 934.45 525.95 0.55 0.9 394797 0.6 7.4708e+06 800229 0.770372 0.00083057 3.26655e-05 0.00175706 6.20381e-05 0.216557 0.00122019 2.53405e-07 5.07204e-07 0.00916434 4.83214e-07 1.01088e-06 4.27669e-07 6.08873e-09 8.34688e-07 1.42263e-11 1.33413e-13 1.29619e-15 2.55221e-12 4.07468e-12 7.16188e-09 5.06812e-18 2.78642e-09 1.52997e-12 4.14778e-09 1.19154e-09 2.00413e-09 2.05861e-11 2.69419e-17 
0.0554875 1796.17 1724.81 2.14036 0.862333 2620 1.76771 1.168 1320.48 934.45 525.95 0.55 0.9 393550 0.6 6.23745e+06 527453 0.770374 0.000817067 3.10456e-05 0.00165228 5.70189e-05 0.216745 0.00115815 2.43806e-07 4.79284e-07 0.00916192 4.99966e-07 9.94652e-07 4.33907e-07 6.11258e-09 8.44085e-07 1.41201e-11 1.30028e-13 1.23755e-15 2.57686e-12 4.06791e-12 7.28368e-09 5.31204e-18 2.53585e-09 1.4645e-12 4.00136e-09 1.12547e-09 1.96363e-09 2.07867e-11 2.65687e-17 
0.0556828 1788.3 1720.65 2.13073 0.862333 2620 1.76999 1.168 1320.08 934.45 525.95 0.55 0.9 392363 0.6 5.13256e+06 235358 0.770375 0.000804498 2.95483e-05 0.00155485 5.24927e-05 0.21692 0.0011006 2.34544e-07 4.53027e-07 0.00915964 5.16568e-07 9.78346e-07 4.39972e-07 6.13075e-09 8.52512e-07 1.39931e-11 1.26796e-13 1.18259e-15 2.59849e-12 4.06443e-12 7.40416e-09 5.55313e-18 2.314e-09 1.40017e-12 3.86163e-09 1.06484e-09 1.92431e-09 2.09971e-11 2.6199e-17 
0.0558781 1780.8 1716.49 2.12157 0.862333 2620 1.77342 1.168 1319.67 934.45 525.95 0.55 0.9 391232 0.6 4.14445e+06 -18145.2 0.770376 0.000792799 2.8165e-05 0.0014645 4.84125e-05 0.217082 0.00104722 2.2566e-07 4.28419e-07 0.00915748 5.32987e-07 9.62065e-07 4.45872e-07 6.14409e-09 8.60093e-07 1.385e-11 1.23718e-13 1.13119e-15 2.61727e-12 4.06367e-12 7.52252e-09 5.79035e-18 2.11717e-09 1.33759e-12 3.72855e-09 1.00919e-09 1.88611e-09 2.12152e-11 2.58356e-17 
0.0562688 1766.89 1708.2 2.10457 0.862333 2620 1.7803 1.168 1318.87 934.45 525.95 0.55 0.9 389131 0.6 2.52803e+06 -237664 0.770378 0.000771811 2.57167e-05 0.00130487 4.1455e-05 0.217368 0.000952279 2.09208e-07 3.84318e-07 0.00915355 5.65108e-07 9.30269e-07 4.57155e-07 6.15951e-09 8.73129e-07 1.35351e-11 1.18037e-13 1.03883e-15 2.64676e-12 4.06859e-12 7.74899e-09 6.24685e-18 1.78774e-09 1.22025e-12 3.48289e-09 9.1157e-10 1.81318e-09 2.16659e-11 2.51356e-17 
0.05705 1742.25 1691.73 2.07456 0.862333 2620 1.78948 1.168 1317.23 934.45 525.95 0.55 0.9 385414 0.6 289291 -541407 0.770382 0.000737616 2.18129e-05 0.00105127 3.10928e-05 0.217827 0.000798894 1.81122e-07 3.12756e-07 0.00914689 6.26857e-07 8.69748e-07 4.78356e-07 6.16344e-09 8.93947e-07 1.28544e-11 1.0836e-13 8.88742e-16 2.68079e-12 4.09608e-12 8.15752e-09 7.09285e-18 1.31085e-09 1.01706e-12 3.06195e-09 7.58159e-10 1.67854e-09 2.26102e-11 2.38716e-17 
0.0578313 1720.1 1675.53 2.04766 0.862333 2620 1.79863 1.168 1315.6 934.45 525.95 0.55 0.9 382079 0.6 -1.21196e+06 -793542 0.770385 0.000710464 1.87197e-05 0.000851228 2.35826e-05 0.218191 0.000675485 1.56825e-07 2.54823e-07 0.00914122 6.87293e-07 8.09597e-07 4.988e-07 6.13196e-09 9.08597e-07 1.20737e-11 9.99792e-14 7.66969e-16 2.68739e-12 4.14379e-12 8.53733e-09 7.87603e-18 9.78411e-10 8.39527e-13 2.69972e-09 6.38878e-10 1.55187e-09 2.3647e-11 2.26893e-17 
0.0586125 1699.82 1659.68 2.02309 0.862333 2620 1.81212 1.168 1313.96 934.45 525.95 0.55 0.9 379031 0.6 -2.21935e+06 -872840 0.770388 0.000688788 1.62264e-05 0.000692782 1.80569e-05 0.218482 0.000574804 1.3594e-07 2.07955e-07 0.00913636 7.46686e-07 7.50924e-07 5.1882e-07 6.07687e-09 9.18954e-07 1.1251e-11 9.26535e-14 6.67175e-16 2.67115e-12 4.20716e-12 8.8832e-09 8.58014e-18 7.40815e-10 6.88207e-13 2.38706e-09 5.44325e-10 1.43203e-09 2.47695e-11 2.15844e-17 
0.060175 1663.75 1629.11 1.97958 0.862333 2620 1.82992 1.168 1310.72 934.45 525.95 0.55 0.9 373628 0.6 -3.16046e+06 -848990 0.770391 0.000658325 1.26657e-05 0.000478256 1.11251e-05 0.218888 0.000428357 1.04982e-07 1.43307e-07 0.00912876 8.62303e-07 6.48217e-07 5.58592e-07 5.97758e-09 9.40091e-07 9.82419e-12 8.1329e-14 5.2482e-16 2.59919e-12 4.36407e-12 9.39456e-09 9.70804e-18 4.47816e-10 4.7182e-13 1.90525e-09 4.11521e-10 1.21772e-09 2.7199e-11 1.97743e-17 
0.0617375 1630.92 1599.96 1.94011 0.862333 2620 1.84733 1.168 1307.51 934.45 525.95 0.55 0.9 368708 0.6 -3.48188e+06 -897059 0.770394 0.000637487 1.00299e-05 0.000333631 6.89876e-06 0.219171 0.000320949 8.06054e-08 9.83193e-08 0.00912278 9.77319e-07 5.53185e-07 5.99062e-07 5.82515e-09 9.51507e-07 8.39726e-12 7.14905e-14 4.1637e-16 2.46601e-12 4.57107e-12 9.75839e-09 1.04051e-17 2.75432e-10 3.13925e-13 1.51998e-09 3.16067e-10 1.01889e-09 3.00585e-11 1.79845e-17 
0.0633 1600.55 1572.28 1.90369 0.862333 2620 1.86829 1.168 1304.34 934.45 525.95 0.55 0.9 364147 0.6 -3.55849e+06 -867448 0.770397 0.000623177 8.00396e-06 0.000235782 4.27581e-06 0.21937 0.000240752 6.13119e-08 6.71451e-08 0.00911802 1.09151e-06 4.67543e-07 6.40367e-07 5.62509e-09 9.53296e-07 7.03989e-12 6.25859e-14 3.30563e-16 2.2844e-12 4.8249e-12 9.96248e-09 1.05793e-17 1.70894e-10 2.02496e-13 1.20825e-09 2.44863e-10 8.36457e-10 3.33896e-11 1.61664e-17 
0.0656313 1559.11 1533.54 1.85413 0.862333 2620 1.89272 1.168 1299.74 934.45 525.95 0.55 0.9 357899 0.6 -3.42199e+06 -768650 0.770399 0.000610123 5.82893e-06 0.000149691 2.13656e-06 0.219558 0.00015863 4.09266e-08 3.92688e-08 0.00911283 1.25962e-06 3.64266e-07 7.04052e-07 5.30912e-09 9.49354e-07 5.38789e-12 5.1251e-14 2.36955e-16 1.98027e-12 5.27861e-12 9.92422e-09 9.96813e-18 8.60773e-11 1.03764e-13 8.61699e-10 1.70879e-10 6.05812e-10 3.92493e-11 1.36113e-17 
0.0679625 1520.95 1497.51 1.80858 0.862333 2620 1.92746 1.168 1295.24 934.45 525.95 0.55 0.9 352100 0.6 -3.23703e+06 -607510 0.770401 0.000602409 4.19771e-06 9.97111e-05 1.03222e-06 0.219677 0.000102825 2.61376e-08 2.29244e-08 0.00910911 1.42142e-06 2.79985e-07 7.69266e-07 4.88318e-09 9.1932e-07 3.95534e-12 4.06829e-14 1.64181e-16 1.65771e-12 5.83161e-12 9.59765e-09 8.42885e-18 4.2682e-11 4.90658e-14 5.99318e-10 1.18037e-10 4.17099e-10 4.64523e-11 1.09887e-17 
0.072625 1452.85 1431.89 1.72743 0.862333 2620 1.96198 1.168 1286.52 934.45 525.95 0.55 0.9 341620 0.6 -2.4641e+06 -464432 0.770402 0.00059602 2.21708e-06 6.04027e-05 2.4949e-07 0.219786 4.37641e-05 1.05727e-08 9.69924e-09 0.00910511 1.71814e-06 1.77081e-07 9.07773e-07 4.05677e-09 8.44268e-07 2.24042e-12 2.47926e-14 7.78649e-17 1.23475e-12 7.22182e-12 8.37699e-09 5.0219e-18 1.08486e-11 1.11777e-14 2.88135e-10 5.75098e-11 1.83844e-10 6.55588e-11 6.80355e-18 
0.0749563 1421.12 1401.59 1.68966 0.862333 2620 1.98458 1.168 1282.25 934.45 525.95 0.55 0.9 336664 0.6 -1.88316e+06 -18032.9 0.770403 0.000594428 1.45919e-06 4.95472e-05 1.02083e-07 0.219818 2.57852e-05 5.51668e-09 5.93916e-09 0.00910386 1.83839e-06 1.36922e-07 9.7404e-07 3.36008e-09 7.32636e-07 1.48018e-12 1.70659e-14 4.51745e-17 1.15189e-12 8.16488e-12 7.76317e-09 3.22481e-18 4.7869e-12 4.26095e-15 1.77713e-10 3.63448e-11 1.08391e-10 7.91897e-11 4.6826e-18 
0.0772875 1389.54 1371.68 1.65656 0.86 2620 1.71442 1.15014 1277.87 986.375 683 0.55 0.9 363036 0.6 -1.58487e+06 -1.24722e+06 0.770403 0.000593598 9.19583e-07 4.3585e-05 3.93118e-08 0.219838 1.44617e-05 2.65683e-09 3.69296e-09 0.00910308 1.9332e-06 1.09471e-07 1.04253e-06 2.68404e-09 6.14576e-07 9.77724e-13 1.09946e-14 2.44774e-17 1.2537e-12 9.40692e-12 7.213e-09 1.94384e-18 1.98237e-12 1.61796e-15 1.03674e-10 2.19512e-11 6.05928e-11 9.77714e-11 3.01761e-18 
0.0796187 1358.64 1341.01 1.6197 0.86 2620 1.73507 1.15014 1273.2 986.375 683 0.55 0.9 357649 0.6 -1.2694e+06 -230569 0.770403 0.000593196 5.51035e-07 4.03713e-05 1.44653e-08 0.219849 7.68463e-06 1.16533e-09 2.28401e-09 0.00910263 2.00258e-06 9.21243e-08 1.10823e-06 2.04814e-09 4.93371e-07 6.50303e-13 6.53148e-15 1.24062e-17 1.59775e-12 1.11112e-11 6.78881e-09 1.11752e-18 7.70492e-13 6.61208e-16 5.67516e-11 1.25904e-11 3.22784e-11 1.23977e-10 1.80469e-18 
0.08195 1328.65 1311.43 1.58394 0.86 2620 1.76643 1.15014 1268.53 986.375 683 0.55 0.9 352370 0.6 -1.06102e+06 -6223.59 0.770403 0.000593014 3.12229e-07 3.86822e-05 5.25594e-09 0.219855 3.85268e-06 4.61757e-10 1.3824e-09 0.00910239 2.04916e-06 8.2752e-08 1.16425e-06 1.48266e-09 3.76313e-07 4.38376e-13 3.52574e-15 6.02541e-18 2.27713e-12 1.35306e-11 6.51143e-09 6.28527e-19 2.81397e-13 3.22889e-16 2.89067e-11 6.82248e-12 1.65032e-11 1.62188e-10 1.00345e-18 
0.0866125 1270.37 1253.38 1.51446 0.86 2620 1.81213 1.15014 1258.86 986.375 683 0.55 0.9 341956 0.6 -555769 442810 0.770403 0.000592926 1.05249e-07 3.76228e-05 1.0376e-09 0.219859 1.00687e-06 8.5279e-11 5.71551e-10 0.00910219 2.09599e-06 8.28655e-08 1.27493e-06 8.27104e-10 2.34458e-07 2.65737e-13 1.0316e-15 2.22109e-18 5.00697e-12 2.13478e-11 6.35868e-09 3.22897e-19 3.98637e-14 1.60578e-16 7.68242e-12 2.09421e-12 5.10363e-12 2.96274e-10 3.79085e-19 
0.091275 1209.55 1191.47 1.44195 0.86 2620 1.85162 1.15014 1247.75 986.375 683 0.55 0.9 330859 0.6 85364 1.06375e+06 0.770403 0.000592916 3.00916e-08 3.73101e-05 2.37136e-10 0.21986 2.14984e-07 1.47369e-11 2.32275e-10 0.00910211 2.11775e-06 9.90267e-08 1.35001e-06 4.35031e-10 1.37037e-07 1.78054e-13 2.6682e-16 1.62151e-18 9.78605e-12 3.39493e-11 6.40738e-09 3.62225e-19 4.3474e-15 1.12659e-16 1.59021e-12 5.37141e-13 1.90352e-12 5.56119e-10 2.63299e-19 
0.0936063 1176.4 1156.5 1.40243 0.86 2620 1.88348 1.15014 1241.1 986.375 683 0.55 0.9 324710 0.6 548203 1.59003e+06 0.770403 0.000592917 1.30072e-08 3.72333e-05 9.76296e-11 0.219861 7.82132e-08 5.30258e-12 1.38922e-10 0.00910211 2.12464e-06 1.12673e-07 1.34869e-06 2.89204e-10 9.25456e-08 1.30317e-13 1.20516e-16 1.6991e-18 1.24021e-11 4.044e-11 6.4475e-09 4.96637e-19 1.07235e-15 9.64701e-17 5.48365e-13 2.17721e-13 1.25472e-12 7.29959e-10 3.22787e-19 
0.0959375 1139.82 1117.53 1.35882 0.86 2620 1.92078 1.15014 1233.35 986.375 683 0.55 0.9 317841 0.6 1.6145e+06 1.74243e+06 0.770403 0.000592917 5.45322e-09 3.71914e-05 3.96294e-11 0.219861 2.68434e-08 2.55258e-12 8.79581e-11 0.00910212 2.12919e-06 1.28861e-07 1.34013e-06 2.24719e-10 6.5111e-08 9.97611e-14 6.60753e-17 2.17173e-18 1.47881e-11 4.58301e-11 6.48807e-09 8.32457e-19 2.36127e-16 8.28672e-17 1.75369e-13 8.46185e-14 9.67875e-13 9.26953e-10 4.93679e-19 
0.0982687 1099.52 1074.38 1.31077 0.86 2620 1.95138 1.15014 1224.33 986.375 683 0.55 0.9 310170 0.6 5.01354e+06 -344332 0.770403 0.000592917 2.2076e-09 3.71657e-05 1.5335e-11 0.219861 8.60692e-09 1.66894e-12 5.81167e-11 0.00910211 2.13218e-06 1.45235e-07 1.33348e-06 2.33168e-10 4.92164e-08 7.93473e-14 4.45283e-17 3.09288e-18 1.66584e-11 4.9446e-11 6.52231e-09 1.51252e-18 4.50672e-17 6.99087e-17 5.16637e-14 3.13182e-14 8.10018e-13 1.14376e-09 8.01109e-19 
0.0994344 1079.33 1053.51 1.28671 0.86 2620 1.97002 1.15014 1219.8 986.375 683 0.55 0.9 306288 0.6 1.07482e+07 -5.71158e+06 0.770403 0.000592917 1.32734e-09 3.71555e-05 8.94981e-12 0.219861 4.58144e-09 1.43051e-12 4.75342e-11 0.00910212 2.13337e-06 1.53126e-07 1.32853e-06 2.60895e-10 4.27317e-08 6.77386e-14 3.79977e-17 3.69656e-18 1.74426e-11 5.05825e-11 6.53721e-09 1.96583e-18 1.82075e-17 6.39238e-17 2.62133e-14 1.7965e-14 7.46649e-13 1.25588e-09 1.01288e-18 
0.1006 1061.86 1036.77 1.26589 0.86 2620 1.98056 1.15014 1216.08 986.375 683 0.55 0.9 302907 0.6 2.35773e+07 -1.8681e+07 0.770403 0.000592917 8.74947e-10 3.71476e-05 5.69844e-12 0.219861 2.71213e-09 1.29915e-12 4.0449e-11 0.00910212 2.13428e-06 1.59986e-07 1.32407e-06 3.06128e-10 3.83642e-08 6.08923e-14 3.39578e-17 4.35249e-18 1.80552e-11 5.13708e-11 6.5491e-09 2.48279e-18 8.41336e-18 5.91071e-17 1.48372e-14 1.13562e-14 7.01398e-13 1.35922e-09 1.23604e-18 
0.1016 1061.86 1032.7 1.26589 0.86 2620 1.98264 1.15014 1215.17 986.375 683 0.55 0.9 302907 0.6 4.79478e+07 6.35958e-05 0.770403 0.000592917 8.74947e-10 3.71476e-05 5.69844e-12 0.219861 2.71213e-09 1.29915e-12 4.0449e-11 0.00910212 2.13428e-06 1.59986e-07 1.32407e-06 3.06128e-10 3.83642e-08 6.08923e-14 3.39578e-17 4.35249e-18 1.80552e-11 5.13708e-11 6.5491e-09 2.48279e-18 8.41336e-18 5.91071e-17 1.48372e-14 1.13562e-14 7.01398e-13 1.35922e-09 1.23604e-18 
