#x Tg Ts u porosity solidDensity effectiveSolidHeatConductivity tortuosity_factor solidHeatCapacity specificArea extinctionCoefficient scatteringAlbedo emissivity hv insulationTransmissivity divq divSolidHeatConduction N2 H2 H O2 O H2O OH H2O2 HO2 NO N2O NO2 HNO HNO2 HONO HONO2 N2H2 H2NN NH2OH HNOH NH3 N2H4 N NO3 NH NNH NH2 H2NO N2H3 
0 300 300 0.340849 0.824933 4320 0.378799 1.343 574.643 1591.82 1340.4 0.55 0.9 302861 0.6 -21.4874 -nan 0.658284 -5.96952e-19 1.26616e-18 0.199873 1.80853e-17 6.93512e-21 -4.34662e-21 -1.47741e-18 1.2251e-19 -1.58553e-20 -9.07536e-19 2.31887e-21 1.3223e-22 1.19132e-22 1.42216e-18 -9.3469e-21 -2.9866e-17 6.53084e-22 -1.95957e-19 -7.98908e-23 0.141843 -3.72419e-18 -3.43352e-18 1.20595e-25 2.93913e-24 3.15508e-35 -2.66977e-20 1.20103e-17 -1.10795e-20 
0.01915 300.072 300.077 0.340931 0.824933 4320 0.378696 1.343 574.735 1591.82 1340.4 0.55 0.9 302901 0.6 -334.476 -965.585 0.658284 7.03055e-17 6.07338e-24 0.199873 1.1931e-17 2.78467e-18 5.47612e-23 -6.07994e-18 5.11256e-17 -6.97324e-18 -9.07536e-19 1.16222e-18 1.38571e-22 1.19134e-22 1.42216e-18 -9.3469e-21 -2.9866e-17 2.95424e-20 -1.95957e-19 -7.98906e-23 0.141843 6.95926e-18 -1.74929e-19 1.20655e-25 7.41969e-22 1.32656e-32 -6.25276e-18 1.20103e-17 -1.10791e-20 
0.028725 300.424 300.466 0.341331 0.824933 4320 0.378355 1.343 575.202 1591.82 1340.4 0.55 0.9 303096 0.6 -1978.69 -10608 0.658284 3.05555e-15 -4.78432e-27 0.199873 1.06475e-17 4.05251e-18 4.98911e-23 -1.24439e-17 6.346e-17 -7.28774e-18 -9.07536e-19 2.20092e-18 1.43643e-22 1.19135e-22 1.42216e-18 -9.3469e-21 -2.9866e-17 5.24507e-20 -1.95957e-19 -7.98687e-23 0.141843 1.65556e-17 -1.68342e-20 1.20965e-25 1.16087e-21 -3.41806e-35 -1.40177e-17 1.20103e-17 -1.10788e-20 
0.0335125 301.397 301.624 0.342436 0.824933 4320 0.377663 1.343 576.587 1591.82 1340.4 0.55 0.9 303635 0.6 -7187.98 -62360.5 0.658284 6.65236e-14 -5.60309e-27 0.199873 1.00868e-17 4.77975e-18 4.92361e-23 -1.67124e-17 7.17349e-17 -7.30263e-18 -9.07533e-19 2.86213e-18 1.47987e-22 1.19138e-22 1.42216e-18 -9.3469e-21 -2.9866e-17 6.50819e-20 -1.95956e-19 -7.81233e-23 0.141843 2.27585e-17 -2.89116e-21 1.21183e-25 1.36018e-21 -7.98703e-36 -1.91762e-17 1.20105e-17 -1.10779e-20 
0.0359063 302.917 303.624 0.344164 0.824933 4320 0.376141 1.343 578.96 1591.82 1340.4 0.55 0.9 304477 0.6 -18895.3 -197964 0.658284 7.54406e-13 -6.02082e-27 0.199873 9.80145e-18 8.90292e-18 5.08173e-23 -1.90858e-17 7.63532e-17 -7.29065e-18 -9.07388e-19 3.23599e-18 1.97988e-22 1.1925e-22 1.42217e-18 -9.3469e-21 -2.98627e-17 7.05212e-20 -1.95923e-19 -8.58716e-24 0.141843 2.63466e-17 -8.21936e-22 1.21503e-25 1.4371e-21 5.46653e-36 -1.74381e-17 1.20196e-17 -1.10446e-20 
0.0383 306.833 308.647 0.348613 0.824933 4320 0.373487 1.343 584.82 1591.82 1340.4 0.55 0.9 306647 0.6 -56401.3 -506198 0.658284 1.08197e-11 -6.55174e-27 0.199873 9.47885e-18 1.99004e-16 5.71115e-23 -2.15558e-17 8.20328e-17 -6.84412e-18 -8.97308e-19 3.70283e-18 2.73019e-21 1.26187e-22 1.42264e-18 -9.34689e-21 -2.96932e-17 7.30035e-20 -1.94142e-19 3.66695e-21 0.141843 3.08174e-17 -2.13615e-22 1.3646e-25 1.45803e-21 6.11616e-35 1.39402e-16 1.24996e-17 -8.9162e-21 
0.0398625 312.305 316.139 0.35483 0.824933 4320 0.368963 1.343 593.298 1591.82 1340.4 0.55 0.9 309680 0.6 -142541 -1.06708e+06 0.658284 9.03673e-11 -7.00097e-27 0.199873 9.22922e-18 5.24505e-15 6.81165e-23 -2.20276e-17 1.07715e-16 5.51631e-18 -5.24009e-19 5.32536e-18 7.35951e-20 3.57203e-22 1.43828e-18 -9.34658e-21 -2.4908e-17 7.09255e-20 -1.43583e-19 1.07348e-19 0.141843 3.80378e-17 -6.70381e-23 6.94574e-25 1.41138e-21 7.92946e-34 2.95605e-15 2.60395e-17 6.39539e-20 
0.041425 323.254 330.783 0.367269 0.824933 4320 0.360652 1.343 609 1591.82 1340.4 0.55 0.9 315751 0.6 -395292 -2.05129e+06 0.658284 8.47469e-10 -2.52556e-27 0.199873 9.03668e-18 1.63235e-13 9.81731e-23 1.43456e-17 8.51206e-16 4.16787e-16 1.57663e-17 5.70067e-17 2.42047e-18 9.43247e-21 2.05265e-18 -9.33278e-21 1.34966e-16 6.28627e-20 1.5539e-18 3.56519e-18 0.141843 2.10783e-16 -1.67537e-23 2.53624e-23 1.33549e-21 1.01277e-30 6.16994e-14 4.77608e-16 3.00643e-18 
0.0429875 345.135 359.65 0.39213 0.824933 4320 0.346246 1.343 636.801 1591.82 1340.4 0.55 0.9 327887 0.6 -1.13012e+06 -3.73726e+06 0.658284 7.70409e-09 2.14656e-24 0.199873 1.23024e-17 4.8022e-12 2.87298e-22 1.19711e-15 2.3878e-14 1.33768e-14 6.85954e-16 1.95258e-15 7.59538e-17 3.45811e-19 2.48243e-17 -8.75672e-21 5.19829e-15 7.32692e-20 5.54706e-17 1.12665e-16 0.141843 7.30213e-15 -2.65955e-24 1.05191e-21 5.79901e-21 5.7933e-28 1.22146e-12 1.47252e-14 1.15104e-16 
0.04455 388.695 416.07 0.441622 0.824933 4320 0.331297 1.343 680.653 1591.82 1340.4 0.55 0.9 351997 0.6 -3.18613e+06 -6.63884e+06 0.658284 6.44861e-08 1.35727e-21 0.199873 9.07243e-17 1.26062e-10 1.2003e-20 3.47376e-14 6.72041e-13 3.83357e-13 2.54805e-14 6.49718e-14 2.16113e-15 1.15754e-17 7.85001e-16 1.28114e-20 1.50814e-13 2.72131e-18 1.60519e-15 3.22769e-15 0.141843 2.75899e-13 -1.75807e-25 3.93723e-20 3.7219e-19 2.49378e-25 2.19994e-11 4.21516e-13 3.96084e-15 
0.0453313 423.082 463.9 0.480692 0.824933 4320 0.317237 1.343 708.976 1591.82 1340.4 0.55 0.9 370930 0.6 -6.09553e+06 -9.50748e+06 0.658284 2.40153e-07 9.63975e-20 0.199873 7.79462e-16 1.24408e-09 4.57939e-19 3.7561e-13 7.21765e-12 4.17338e-12 3.51248e-13 8.10741e-13 2.338e-14 1.45088e-16 9.82132e-15 2.98873e-19 1.65679e-12 8.11654e-17 1.75703e-14 3.51129e-14 0.141843 3.88072e-12 9.79494e-25 5.46022e-19 1.46309e-17 1.71374e-23 1.56844e-10 4.5844e-12 5.09252e-14 
0.0461125 474.598 532.141 0.539228 0.824933 4320 0.30074 1.343 738.954 1591.82 1340.4 0.55 0.9 399047 0.6 -1.18328e+07 -1.18077e+07 0.658284 9.64156e-07 1.10728e-17 0.199872 8.56459e-15 1.39464e-08 2.80968e-17 4.70686e-12 8.98783e-11 5.27229e-11 5.63855e-12 1.17452e-11 2.93417e-13 2.11323e-15 1.42986e-13 4.9744e-18 2.11672e-11 2.51011e-15 2.23018e-13 4.43005e-13 0.141843 6.33947e-11 8.43573e-23 8.81113e-18 5.12577e-16 1.50055e-21 1.26873e-09 5.77969e-11 7.61581e-13 
0.0468937 549.989 628.089 0.624906 0.824933 4320 0.282566 1.343 767.583 1591.82 1340.4 0.55 0.9 439526 0.6 -2.22218e+07 -1.30115e+07 0.658282 3.69388e-06 1.47125e-15 0.199872 1.20758e-13 1.40871e-07 1.60112e-15 5.41131e-11 1.02652e-09 6.11336e-10 8.20136e-11 1.54273e-10 3.39554e-12 2.80123e-14 1.89367e-12 7.28096e-17 2.48681e-10 6.23453e-14 2.59489e-12 5.13662e-12 0.141842 9.16508e-10 8.51791e-21 1.29123e-16 1.9026e-14 1.09764e-19 9.55289e-09 6.67107e-10 1.03656e-11 
0.047675 656.659 758.314 0.746188 0.824933 4320 0.263989 1.343 794.432 1591.82 1340.4 0.55 0.9 495211 0.6 -3.89509e+07 -1.19856e+07 0.658278 1.29979e-05 1.8044e-13 0.19987 2.88619e-12 1.23554e-06 7.7829e-14 5.51339e-10 1.02945e-08 6.29093e-09 1.04625e-09 1.76565e-09 3.59445e-11 3.27265e-13 2.20772e-11 9.30722e-16 2.59757e-09 1.21742e-12 2.67546e-11 5.34748e-11 0.141838 1.08388e-08 9.4703e-19 1.70463e-15 7.07974e-13 6.57742e-18 6.49487e-08 6.7724e-09 1.24717e-10 
0.0484562 799.51 925.413 0.908825 0.824933 4320 0.250813 1.343 821.875 1591.82 1340.4 0.55 0.9 566602 0.6 -6.08872e+07 -1.11786e+07 0.658263 4.16106e-05 1.27066e-11 0.199864 1.18747e-10 9.33952e-06 4.38209e-12 4.88769e-09 8.30841e-08 5.69349e-08 1.15994e-08 1.71923e-08 3.853e-10 3.34541e-12 2.24734e-10 1.02764e-14 2.39283e-08 2.09241e-11 2.42355e-10 5.18655e-10 0.141821 9.75322e-08 1.10954e-16 2.23743e-14 2.41804e-11 3.52908e-16 4.0582e-07 5.84239e-08 1.31466e-09 
0.0488469 883.181 1023.55 1.00437 0.824933 4320 0.244329 1.343 831.871 1591.82 1340.4 0.55 0.9 606821 0.6 -7.4531e+07 -1.24994e+07 0.658245 7.79227e-05 1.06639e-10 0.199854 1.11111e-09 3.1772e-05 5.14751e-11 1.69567e-08 2.26074e-07 2.24283e-07 5.41207e-08 6.85568e-08 2.12955e-09 1.46067e-11 9.683e-10 4.589e-14 9.68182e-08 1.52492e-10 9.56226e-10 2.44787e-09 0.141789 3.31385e-07 3.29744e-15 1.60147e-13 2.61567e-10 4.22641e-15 1.28669e-06 2.01055e-07 5.57435e-09 
0.0490422 928.796 1076.85 1.05665 0.824933 4320 0.240016 1.343 835.238 1591.82 1340.4 0.55 0.9 628355 0.6 -8.24526e+07 -1.31281e+07 0.658228 0.000109683 3.3363e-10 0.199841 3.67237e-09 6.75112e-05 2.01772e-10 3.44723e-08 3.79468e-07 5.31908e-07 1.48109e-07 1.62958e-07 6.49139e-09 3.77742e-11 2.44665e-09 1.19801e-13 2.36628e-07 5.55495e-10 2.26485e-09 6.32945e-09 0.141749 7.00138e-07 2.72077e-14 5.80754e-13 1.0983e-09 1.95166e-14 2.59938e-06 4.20243e-07 1.36628e-08 
0.0492375 977.689 1133.2 1.11289 0.824933 4320 0.236841 1.343 838.624 1591.82 1340.4 0.55 0.9 651196 0.6 -9.05906e+07 -1.36718e+07 0.658203 0.000156198 1.03e-09 0.199813 1.17032e-08 0.000152572 7.9037e-10 7.297e-08 6.41104e-07 1.35967e-06 4.47097e-07 4.18247e-07 2.11774e-08 1.06909e-10 6.69104e-09 3.42649e-13 6.28271e-07 2.24511e-09 5.76673e-09 1.71221e-08 0.141664 1.605e-06 2.1979e-13 2.17199e-12 4.38137e-09 1.02623e-13 5.49469e-06 9.31434e-07 3.60923e-08 
0.0493352 1003.31 1162.57 1.1425 0.824933 4320 0.234724 1.343 840.318 1591.82 1340.4 0.55 0.9 663103 0.6 -9.47692e+07 -1.52948e+07 0.658185 0.000187762 1.88135e-09 0.199784 2.15773e-08 0.000238751 1.6259e-09 1.07009e-07 8.34298e-07 2.28151e-06 8.3719e-07 6.9584e-07 4.10776e-08 1.92262e-10 1.16054e-08 6.21144e-13 1.08441e-06 4.86778e-09 9.6052e-09 2.87842e-08 0.141586 2.48757e-06 7.00799e-13 4.4838e-12 9.30606e-09 2.58359e-13 8.24339e-06 1.41755e-06 6.05613e-08 
0.0494328 1029.94 1192.83 1.17337 0.824933 4320 0.232619 1.343 842.014 1591.82 1340.4 0.55 0.9 675402 0.6 -9.88028e+07 -1.52909e+07 0.658165 0.000226431 3.44897e-09 0.199736 3.96523e-08 0.000381919 3.36467e-09 1.58503e-07 1.09175e-06 3.93689e-06 1.63539e-06 1.1864e-06 8.16505e-08 3.5898e-10 2.071e-08 1.17111e-12 1.93156e-06 1.08944e-08 1.64e-08 4.90106e-08 0.141461 3.94291e-06 2.22759e-12 9.39597e-12 1.95163e-08 6.84841e-13 1.254e-05 2.19493e-06 1.03947e-07 
0.0495305 1057.62 1224 1.20561 0.824933 4320 0.231053 1.343 843.708 1591.82 1340.4 0.55 0.9 688174 0.6 -1.02506e+08 -1.6296e+07 0.658144 0.000273648 6.34176e-09 0.199653 7.2395e-08 0.000617553 6.98294e-09 2.3421e-07 1.43364e-06 6.86236e-06 3.24756e-06 2.02608e-06 1.63086e-07 6.79974e-10 3.71342e-08 2.23582e-12 3.48128e-06 2.45315e-08 2.81687e-08 8.3046e-08 0.141265 6.25489e-06 6.99276e-12 1.93454e-11 4.0202e-08 1.8681e-12 1.91913e-05 3.40637e-06 1.78158e-07 
0.0495793 1071.89 1239.94 1.22231 0.824933 4320 0.230007 1.343 844.554 1591.82 1340.4 0.55 0.9 694764 0.6 -1.04215e+08 -1.82631e+07 0.658134 0.000301306 8.70198e-09 0.199589 9.85328e-08 0.000792511 1.01786e-08 2.84384e-07 1.64976e-06 9.15139e-06 4.66486e-06 2.65376e-06 2.33514e-07 9.49577e-10 5.00316e-08 3.13219e-12 4.72894e-06 3.72506e-08 3.71576e-08 1.08069e-07 0.141123 7.86704e-06 1.26715e-11 2.77722e-11 5.81338e-08 3.15577e-12 2.38879e-05 4.25054e-06 2.33131e-07 
0.0496281 1086.52 1256.14 1.23948 0.824933 4320 0.228962 1.343 845.4 1591.82 1340.4 0.55 0.9 701522 0.6 -1.05758e+08 -1.92633e+07 0.658127 0.000331976 1.19619e-08 0.199501 1.34102e-07 0.00102267 1.48909e-08 3.45504e-07 1.90641e-06 1.22898e-05 6.78736e-06 3.4859e-06 3.36345e-07 1.33828e-09 6.77595e-08 4.42643e-12 6.4723e-06 5.68537e-08 4.92548e-08 1.40789e-07 0.14094 9.90792e-06 2.29596e-11 3.98697e-11 8.38943e-08 5.40371e-12 2.98281e-05 5.31599e-06 3.05592e-07 
0.049677 1101.56 1272.61 1.25719 0.824933 4320 0.227918 1.343 846.246 1591.82 1340.4 0.55 0.9 708468 0.6 -1.07083e+08 -2.04624e+07 0.658124 0.000365954 1.64856e-08 0.199381 1.82409e-07 0.0013245 2.1869e-08 4.19309e-07 2.21194e-06 1.65705e-05 9.95092e-06 4.57468e-06 4.85572e-07 1.89353e-09 9.18608e-08 6.27553e-12 8.89211e-06 8.68784e-08 6.54073e-08 1.83186e-07 0.140704 1.24541e-05 4.16034e-11 5.68627e-11 1.20685e-07 9.34255e-12 3.73231e-05 6.64866e-06 3.99819e-07 
0.0497258 1117.06 1289.38 1.27551 0.824933 4320 0.226874 1.343 847.092 1591.82 1340.4 0.55 0.9 715629 0.6 -1.08129e+08 -2.18948e+07 0.65813 0.000403566 2.27749e-08 0.199217 2.47922e-07 0.00171907 3.22421e-08 5.07541e-07 2.57657e-06 2.23773e-05 1.46421e-05 5.97786e-06 7.00863e-07 2.67744e-09 1.24208e-07 8.88627e-12 1.22261e-05 1.3249e-07 8.67873e-08 2.37615e-07 0.140399 1.5577e-05 7.53177e-11 8.01701e-11 1.72955e-07 1.62559e-11 4.6762e-05 8.29831e-06 5.20497e-07 
0.0497746 1133.09 1306.45 1.29454 0.824933 4320 0.225829 1.343 847.938 1591.82 1340.4 0.55 0.9 723037 0.6 -1.08825e+08 -2.35936e+07 0.658149 0.000445162 3.1534e-08 0.198994 3.36659e-07 0.00223316 4.77282e-08 6.11805e-07 3.01264e-06 3.02097e-05 2.15606e-05 7.75505e-06 1.00954e-06 3.76774e-09 1.66972e-07 1.25198e-11 1.67822e-05 2.01081e-07 1.14816e-07 3.06809e-07 0.140008 1.93318e-05 1.36165e-10 1.11293e-10 2.46896e-07 2.83933e-11 5.86341e-05 1.0316e-05 6.72433e-07 
0.0498234 1149.76 1323.85 1.31442 0.824933 4320 0.224782 1.343 848.785 1591.82 1340.4 0.55 0.9 730737 0.6 -1.09088e+08 -2.5589e+07 0.658189 0.000491124 4.37594e-08 0.19869 4.56797e-07 0.00290062 7.09674e-08 7.33361e-07 3.53479e-06 4.07122e-05 3.1703e-05 9.96159e-06 1.44913e-06 5.25564e-09 2.22517e-07 1.74886e-11 2.29527e-05 3.03002e-07 1.51172e-07 3.93858e-07 0.139506 2.37433e-05 2.45863e-10 1.51605e-10 3.5118e-07 4.96865e-11 7.3556e-05 1.275e-05 8.60109e-07 
0.0498723 1167.21 1341.6 1.33533 0.824933 4320 0.223732 1.343 849.633 1591.82 1340.4 0.55 0.9 738783 0.6 -1.08818e+08 -2.7904e+07 0.658262 0.000541864 6.0871e-08 0.198278 6.19545e-07 0.00376394 1.06059e-07 8.72828e-07 4.1603e-06 5.47108e-05 4.64764e-05 1.26392e-05 2.07064e-06 7.23792e-09 2.93171e-07 2.41365e-11 3.12273e-05 4.52379e-07 1.97785e-07 5.02173e-07 0.138862 2.87874e-05 4.43684e-10 2.02011e-10 4.98056e-07 8.69871e-11 9.23089e-05 1.564e-05 1.08705e-06 
0.0499211 1185.6 1359.73 1.35749 0.824933 4320 0.222679 1.343 850.483 1591.82 1340.4 0.55 0.9 747245 0.6 -1.07899e+08 -3.05498e+07 0.658382 0.000597823 8.4906e-08 0.197721 8.4041e-07 0.00487608 1.59443e-07 1.02981e-06 4.90933e-06 7.32571e-05 6.78435e-05 1.58037e-05 2.94265e-06 9.79972e-09 3.80833e-07 3.27931e-11 4.22043e-05 6.6791e-07 2.56787e-07 6.35429e-07 0.138041 3.43704e-05 8.01111e-10 2.62493e-10 7.05021e-07 1.52202e-10 0.000115885 1.90094e-05 1.35501e-06 
0.0499699 1205.17 1378.28 1.38119 0.824933 4320 0.22162 1.343 851.335 1591.82 1340.4 0.55 0.9 756214 0.6 -1.06193e+08 -3.35185e+07 0.658572 0.000659473 1.18806e-07 0.196972 1.14104e-06 0.00630243 2.4136e-07 1.20238e-06 5.8054e-06 9.76823e-05 9.8508e-05 1.94294e-05 4.15641e-06 1.2985e-08 4.86373e-07 4.36877e-11 5.65967e-05 9.7345e-07 3.3043e-07 7.97529e-07 0.136995 4.03066e-05 1.44936e-09 3.31543e-10 9.97368e-07 2.65963e-10 0.000145547 2.28557e-05 1.66306e-06 
0.0500188 1226.21 1397.28 1.40682 0.824933 4320 0.220554 1.343 852.19 1591.82 1340.4 0.55 0.9 765801 0.6 -1.03539e+08 -3.67737e+07 0.658863 0.000727312 1.66842e-07 0.195969 1.55188e-06 0.00812278 3.683e-07 1.3866e-06 6.876e-06 0.000129666 0.000142135 2.34332e-05 5.83196e-06 1.67541e-08 6.08827e-07 5.68147e-11 7.52288e-05 1.39796e-06 4.2094e-07 9.92619e-07 0.135668 4.62991e-05 2.63156e-09 4.05588e-10 1.4121e-06 4.63901e-10 0.000182893 2.7141e-05 2.00658e-06 
0.0500676 1249.09 1416.76 1.43485 0.824933 4320 0.219481 1.343 853.049 1591.82 1340.4 0.55 0.9 776145 0.6 -9.97481e+07 -4.02376e+07 0.659294 0.000801854 2.35232e-07 0.194634 2.11591e-06 0.0104332 5.67155e-07 1.57585e-06 8.15343e-06 0.000171321 0.000203601 2.76605e-05 8.12535e-06 2.09326e-08 7.44434e-07 7.17569e-11 9.90213e-05 1.97429e-06 5.30318e-07 1.22523e-06 0.133992 5.19285e-05 4.80263e-09 4.78559e-10 2.00388e-06 8.07304e-10 0.000229931 3.17842e-05 2.37638e-06 
0.0501164 1274.28 1436.78 1.46588 0.824933 4320 0.218398 1.343 853.912 1591.82 1340.4 0.55 0.9 787412 0.6 -9.46015e+07 -4.37738e+07 0.659922 0.000883618 3.33026e-07 0.192867 2.8938e-06 0.0133471 8.82315e-07 1.76045e-06 9.67575e-06 0.000225307 0.000289231 3.18777e-05 1.12363e-05 2.51688e-08 8.85721e-07 8.75047e-11 0.000128956 2.73579e-06 6.60059e-07 1.50061e-06 0.131884 5.666e-05 8.82069e-09 5.41869e-10 2.85406e-06 1.40098e-09 0.000289139 3.66576e-05 2.75821e-06 
0.0501652 1302.36 1457.37 1.50064 0.824933 4320 0.217305 1.343 854.78 1591.82 1340.4 0.55 0.9 799801 0.6 -8.78491e+07 -4.59231e+07 0.660816 0.000973097 4.73341e-07 0.190549 3.97063e-06 0.0169958 1.38785e-06 1.92748e-06 1.14873e-05 0.000294962 0.000406977 3.57778e-05 1.54152e-05 2.89273e-08 1.021e-06 1.02362e-10 0.000166014 3.71008e-06 8.10796e-07 1.82526e-06 0.129248 5.98806e-05 1.6311e-08 5.85202e-10 4.08387e-06 2.42264e-09 0.000363496 4.15924e-05 3.13295e-06 
0.0502141 1333.99 1478.57 1.54 0.824933 4320 0.216481 1.343 855.654 1591.82 1340.4 0.55 0.9 813535 0.6 -7.92311e+07 -4.8365e+07 0.662066 0.00107072 6.74965e-07 0.187535 5.46388e-06 0.0215265 2.2079e-06 2.06136e-06 1.36382e-05 0.000384468 0.000566391 3.90052e-05 2.09664e-05 3.15585e-08 1.13485e-06 1.14087e-10 0.000211078 4.90941e-06 9.81837e-07 2.20726e-06 0.125974 6.09849e-05 3.03144e-08 5.98576e-10 5.87217e-06 4.16976e-09 0.000456445 4.63945e-05 3.47801e-06 
0.0502385 1351.46 1489.41 1.56181 0.824933 4320 0.215926 1.343 856.092 1591.82 1340.4 0.55 0.9 821012 0.6 -7.40579e+07 -5.11495e+07 0.662871 0.00112305 8.0965e-07 0.18569 6.4342e-06 0.0242017 2.80754e-06 2.10991e-06 1.48702e-05 0.000438999 0.00066649 4.02384e-05 2.44143e-05 3.22346e-08 1.17764e-06 1.1823e-10 0.000237034 5.59317e-06 1.07462e-06 2.42376e-06 0.124038 6.05695e-05 4.17658e-08 5.91887e-10 7.07953e-06 5.47707e-09 0.000511719 4.86879e-05 3.63112e-06 
0.0502629 1370.21 1500.42 1.58528 0.824933 4320 0.215367 1.343 856.532 1591.82 1340.4 0.55 0.9 828952 0.6 -6.82909e+07 -5.19498e+07 0.663824 0.00117762 9.71929e-07 0.183581 7.5834e-06 0.0271819 3.5836e-06 2.14275e-06 1.62171e-05 0.000501302 0.000782975 4.11483e-05 2.83841e-05 3.2378e-08 1.20765e-06 1.20673e-10 0.000265435 6.32738e-06 1.17176e-06 2.65983e-06 0.121878 5.93988e-05 5.765e-08 5.74909e-10 8.55169e-06 7.19069e-09 0.000573461 5.08714e-05 3.76656e-06 
0.0502873 1390.38 1511.61 1.61058 0.824933 4320 0.214806 1.343 856.974 1591.82 1340.4 0.55 0.9 837392 0.6 -6.18868e+07 -5.22965e+07 0.664945 0.0012344 1.16769e-06 0.181178 8.94376e-06 0.0304915 4.59231e-06 2.1577e-06 1.76848e-05 0.000572405 0.000917696 4.16957e-05 3.29301e-05 3.19458e-08 1.22276e-06 1.21181e-10 0.000296298 7.10129e-06 1.27251e-06 2.91764e-06 0.119476 5.74484e-05 7.97656e-08 5.47751e-10 1.03494e-05 9.43171e-09 0.000642159 5.29209e-05 3.88149e-06 
0.0503117 1412.1 1522.96 1.63786 0.824933 4320 0.214242 1.343 857.417 1591.82 1340.4 0.55 0.9 846365 0.6 -5.48019e+07 -5.20839e+07 0.666258 0.00129337 1.40385e-06 0.178451 1.05529e-05 0.0341541 5.90803e-06 2.15287e-06 1.92781e-05 0.000653442 0.00107244 4.18485e-05 3.81077e-05 3.09288e-08 1.22131e-06 1.19638e-10 0.00032958 7.90062e-06 1.37583e-06 3.19938e-06 0.116811 5.47256e-05 1.10624e-07 5.11234e-10 1.25469e-05 1.23534e-08 0.000718254 5.48133e-05 3.97391e-06 
0.0503361 1435.49 1534.5 1.66731 0.824933 4320 0.213675 1.343 857.86 1591.82 1340.4 0.55 0.9 855900 0.6 -4.69929e+07 -5.11948e+07 0.667785 0.00135446 1.68861e-06 0.175368 1.24535e-05 0.0381923 7.62967e-06 2.12689e-06 2.09987e-05 0.000745652 0.00124879 4.15858e-05 4.39708e-05 2.9357e-08 1.20238e-06 1.16047e-10 0.000365158 8.70733e-06 1.48032e-06 3.50713e-06 0.113866 5.12761e-05 1.53755e-07 4.66857e-10 1.52348e-05 1.61479e-08 0.000802106 5.65264e-05 4.04294e-06 
0.0503605 1460.67 1546.2 1.69908 0.824933 4320 0.213106 1.343 858.305 1591.82 1340.4 0.55 0.9 866024 0.6 -3.84178e+07 -4.95013e+07 0.669552 0.00141755 2.03167e-06 0.1719 1.46937e-05 0.0426265 9.8889e-06 2.07908e-06 2.28446e-05 0.000850365 0.00144802 4.08993e-05 5.05674e-05 2.73009e-08 1.16594e-06 1.10547e-10 0.000402804 9.49981e-06 1.58422e-06 3.84254e-06 0.110622 4.71874e-05 2.14123e-07 4.16704e-10 1.85226e-05 2.10531e-08 0.000893941 5.80381e-05 4.08925e-06 
0.050385 1487.78 1558.07 1.73333 0.824933 4320 0.212534 1.343 858.75 1591.82 1340.4 0.55 0.9 876754 0.6 -2.90369e+07 -4.68676e+07 0.671583 0.00148247 2.44458e-06 0.168016 1.73271e-05 0.0474741 1.2861e-05 2.00964e-06 2.48073e-05 0.000968986 0.00167086 3.97957e-05 5.79345e-05 2.4867e-08 1.11303e-06 1.03404e-10 0.000442161 1.02534e-05 1.68529e-06 4.20647e-06 0.107065 4.25893e-05 2.98722e-07 3.63254e-10 2.25423e-05 2.73589e-08 0.000993801 5.93252e-05 4.1153e-06 
0.0504094 1516.9 1570.11 1.7702 0.824933 4320 0.211961 1.343 859.195 1591.82 1340.4 0.55 0.9 888100 0.6 -1.88142e+07 -4.31524e+07 0.673903 0.00154897 2.941e-06 0.163692 2.04127e-05 0.0527482 1.67789e-05 1.91975e-06 2.68702e-05 0.00110295 0.00191729 3.82964e-05 6.60928e-05 2.21875e-08 1.04574e-06 9.49857e-11 0.000482712 1.09415e-05 1.78077e-06 4.59836e-06 0.103182 3.76474e-05 4.17408e-07 3.0913e-10 2.74511e-05 3.54114e-08 0.00110148 6.03607e-05 4.12534e-06 
0.0504338 1548.1 1582.3 1.80978 0.824933 4320 0.211387 1.343 859.64 1591.82 1340.4 0.55 0.9 900057 0.6 -7.71897e+06 -3.82143e+07 0.676534 0.00161672 3.5371e-06 0.158905 2.40141e-05 0.0584567 2.1952e-05 1.81158e-06 2.90054e-05 0.0012537 0.00218626 3.64372e-05 7.50402e-05 1.94055e-08 9.67138e-07 8.57238e-11 0.000523752 1.15361e-05 1.86736e-06 5.01551e-06 0.0989651 3.25532e-05 5.84055e-07 2.56803e-10 3.34341e-05 4.56137e-08 0.00121643 6.11119e-05 4.12519e-06 
0.0504582 1581.45 1594.64 1.85216 0.824933 4320 0.210812 1.343 860.084 1591.82 1340.4 0.55 0.9 912610 0.6 4.27259e+06 -3.19181e+07 0.679495 0.00168529 4.25196e-06 0.153639 2.81989e-05 0.0646005 2.87889e-05 1.68819e-06 3.1171e-05 0.0014226 0.00247545 3.42666e-05 8.47438e-05 1.6659e-08 8.81033e-07 7.60653e-11 0.000564353 1.20096e-05 1.94126e-06 5.45219e-06 0.0944115 2.7507e-05 8.18176e-07 2.08334e-10 4.07057e-05 5.84187e-08 0.00133772 6.15376e-05 4.12149e-06 
0.0504826 1616.93 1607.09 1.89736 0.824933 4320 0.210239 1.343 860.527 1591.82 1340.4 0.55 0.9 925723 0.6 1.71754e+07 -2.41426e+07 0.682803 0.00175414 5.10795e-06 0.147887 3.30371e-05 0.0711728 3.78277e-05 1.55328e-06 3.33083e-05 0.00161086 0.00278098 3.18423e-05 9.51338e-05 1.40658e-08 7.91601e-07 6.64275e-11 0.000603349 1.23355e-05 1.99826e-06 5.8987e-06 0.0895256 2.26987e-05 1.14711e-06 1.65189e-10 4.95079e-05 7.43096e-08 0.00146388 6.15868e-05 4.12046e-06 
0.050507 1654.53 1619.65 1.94534 0.824933 4320 0.209667 1.343 860.967 1591.82 1340.4 0.55 0.9 939347 0.6 3.09932e+07 -1.47906e+07 0.686468 0.00182259 6.13112e-06 0.14165 3.85991e-05 0.078157 4.97714e-05 1.41089e-06 3.534e-05 0.00181952 0.00309714 2.92289e-05 0.000106096 1.1714e-08 7.0301e-07 5.71632e-11 0.000639323 1.24898e-05 2.03397e-06 6.34052e-06 0.0843197 1.82891e-05 1.60893e-06 1.28169e-10 6.0105e-05 9.37626e-08 0.00159282 6.11991e-05 4.12625e-06 
0.0505314 1694.14 1632.29 1.996 0.824933 4320 0.209099 1.343 861.403 1591.82 1340.4 0.55 0.9 953412 0.6 4.57168e+07 -3.79959e+06 0.690491 0.00188983 7.3514e-06 0.134943 4.49522e-05 0.0855262 6.5531e-05 1.26502e-06 3.71696e-05 0.00204931 0.0034163 2.64943e-05 0.000117468 9.65775e-09 6.19062e-07 4.85388e-11 0.000670625 1.24522e-05 2.04415e-06 6.75771e-06 0.0788162 1.43936e-05 2.2561e-06 9.74536e-11 7.27715e-05 1.17183e-07 0.00172175 6.03071e-05 4.13923e-06 
0.0505559 1735.6 1644.97 2.04916 0.824933 4320 0.208536 1.343 861.835 1591.82 1340.4 0.55 0.9 967826 0.6 6.13216e+07 8.84647e+06 0.694865 0.00195488 8.80265e-06 0.127791 5.2157e-05 0.0932418 8.62746e-05 1.11936e-06 3.86835e-05 0.00230058 0.00372882 2.37063e-05 0.000129039 7.91972e-09 5.42936e-07 4.07286e-11 0.000695412 1.2208e-05 2.02522e-06 7.12507e-06 0.0730483 1.10748e-05 3.15985e-06 7.27334e-11 8.77707e-05 1.44807e-07 0.00184705 5.88419e-05 4.15446e-06 
0.0505803 1778.71 1657.66 2.10455 0.824933 4320 0.207978 1.343 862.262 1591.82 1340.4 0.55 0.9 982483 0.6 7.77655e+07 2.31058e+07 0.699573 0.00201662 1.05223e-05 0.120237 6.02622e-05 0.101253 0.000113481 9.7715e-07 3.97573e-05 0.00257329 0.0040233 2.09307e-05 0.000140554 6.49736e-09 4.77074e-07 3.38218e-11 0.00071174 1.17505e-05 1.97474e-06 7.41315e-06 0.0670612 8.34271e-06 4.41482e-06 5.33728e-11 0.000105321 1.76574e-07 0.00196427 5.67431e-05 4.16113e-06 
0.0506047 1823.18 1670.32 2.16181 0.824933 4320 0.207429 1.343 862.682 1591.82 1340.4 0.55 0.9 997258 0.6 9.49877e+07 3.88691e+07 0.704583 0.00207379 1.25508e-05 0.112335 6.92988e-05 0.109497 0.000148996 8.41125e-07 4.02662e-05 0.00286695 0.00428698 1.82286e-05 0.000151728 5.37102e-09 4.23188e-07 2.78374e-11 0.000717685 1.1083e-05 1.89197e-06 7.59053e-06 0.0609126 6.16384e-06 6.14292e-06 3.85725e-11 0.000125545 2.11957e-07 0.00206809 5.39699e-05 4.14311e-06 
0.0506291 1868.64 1682.89 2.2205 0.824933 4320 0.20689 1.343 863.093 1591.82 1340.4 0.55 0.9 1.01201e+06 0.6 1.12907e+08 5.59523e+07 0.709853 0.00212502 1.49302e-05 0.104158 7.92747e-05 0.117897 0.00019509 7.13555e-07 4.01001e-05 0.00318061 0.00450642 1.56549e-05 0.000162263 4.51179e-09 3.82355e-07 2.27426e-11 0.00071152 1.02214e-05 1.77831e-06 7.62743e-06 0.0546722 4.4747e-06 8.49476e-06 2.74988e-11 0.000148412 2.49799e-07 0.0021525 5.05146e-05 4.08106e-06 
0.0506535 1914.68 1695.34 2.28008 0.824933 4320 0.206363 1.343 863.495 1591.82 1340.4 0.55 0.9 1.0266e+06 0.6 1.31422e+08 7.40955e+07 0.715324 0.00216885 1.77029e-05 0.0957887 9.01693e-05 0.126369 0.000254512 5.96296e-07 3.91824e-05 0.00351294 0.00466852 1.32562e-05 0.000171872 3.88794e-09 3.55157e-07 1.84713e-11 0.000691918 9.1955e-06 1.63742e-06 7.50025e-06 0.0484204 3.19682e-06 1.16455e-05 1.93709e-11 0.000173654 2.88168e-07 0.00221106 4.64149e-05 3.95562e-06 
0.0506779 1960.84 1707.61 2.33996 0.824933 4320 0.205849 1.343 863.886 1591.82 1340.4 0.55 0.9 1.04087e+06 0.6 1.50411e+08 9.29668e+07 0.720926 0.00220386 2.09103e-05 0.0873231 0.000101932 0.134818 0.000330542 4.90806e-07 3.74878e-05 0.00386231 0.00476163 1.10694e-05 0.000180301 3.46919e-09 3.4182e-07 1.49389e-11 0.00065817 8.04811e-06 1.47507e-06 7.19633e-06 0.0422458 2.24956e-06 1.57813e-05 1.35076e-11 0.000200687 3.24307e-07 0.0022373 4.17607e-05 3.7513e-06 
0.0507023 2006.6 1719.64 2.39947 0.824933 4320 0.205352 1.343 864.265 1591.82 1340.4 0.55 0.9 1.05468e+06 0.6 1.69731e+08 1.12176e+08 0.726579 0.00222869 2.45916e-05 0.078863 0.000114483 0.143144 0.000427061 3.98108e-07 3.5055e-05 0.00422699 0.00477681 9.12064e-06 0.000187343 3.22935e-09 3.42325e-07 1.20541e-11 0.000610395 6.83227e-06 1.29864e-06 6.71785e-06 0.0362414 1.55896e-06 2.10707e-05 9.34451e-12 0.000228527 3.54733e-07 0.00222526 3.6694e-05 3.46025e-06 
0.0507268 2051.46 1731.38 2.45792 0.824933 4320 0.204873 1.343 864.63 1591.82 1340.4 0.55 0.9 1.06788e+06 0.6 1.89227e+08 1.32358e+08 0.732196 0.00224222 2.87823e-05 0.0705123 0.000127723 0.151246 0.000548605 3.18743e-07 3.19895e-05 0.00460532 0.00470883 7.42416e-06 0.000192819 3.14709e-09 3.56473e-07 9.7265e-12 0.000549704 5.60623e-06 1.11625e-06 6.08359e-06 0.0304994 1.06231e-06 2.76172e-05 6.4317e-12 0.000255725 3.75544e-07 0.0021701 3.13992e-05 3.08501e-06 
0.0507512 2094.91 1742.75 2.51466 0.824933 4320 0.204525 1.343 864.979 1591.82 1340.4 0.55 0.9 1.08037e+06 0.6 2.08717e+08 1.512e+08 0.737689 0.00224366 3.35133e-05 0.0623713 0.000141548 0.159027 0.000700351 2.5274e-07 2.84511e-05 0.004996 0.00455699 5.98244e-06 0.000196553 3.20546e-09 3.83863e-07 7.86985e-12 0.00047829 4.42709e-06 9.35816e-07 5.3275e-06 0.0251055 7.09716e-07 3.53912e-05 4.42149e-12 0.000280357 3.82923e-07 0.00206874 2.60834e-05 2.63962e-06 
0.0507634 2115.94 1748.28 2.54217 0.824933 4320 0.204301 1.343 865.148 1591.82 1340.4 0.55 0.9 1.08631e+06 0.6 2.18464e+08 1.59599e+08 0.740371 0.00223969 3.61032e-05 0.0583945 0.000148682 0.162782 0.000789932 2.24536e-07 2.6564e-05 0.00519658 0.00445061 5.35091e-06 0.000197693 3.28305e-09 4.02406e-07 7.09424e-12 0.000439571 3.8709e-06 8.48457e-07 4.91793e-06 0.0225538 5.72969e-07 3.96689e-05 3.66626e-12 0.00029092 3.8069e-07 0.00200022 2.34816e-05 2.39809e-06 
0.0507756 2136.44 1753.71 2.56901 0.824933 4320 0.204136 1.343 865.312 1591.82 1340.4 0.55 0.9 1.09204e+06 0.6 2.28142e+08 1.68473e+08 0.742989 0.00223259 3.88358e-05 0.0545048 0.000155934 0.166423 0.000889399 1.99514e-07 2.46311e-05 0.00540008 0.00432441 4.78024e-06 0.000198287 3.39076e-09 4.23979e-07 6.40839e-12 0.000399455 3.34459e-06 7.64027e-07 4.49517e-06 0.0201175 4.59349e-07 4.41364e-05 3.04606e-12 0.000299898 3.74029e-07 0.00191999 2.09516e-05 2.14901e-06 
0.0507817 2146.47 1756.37 2.58217 0.824933 4320 0.204028 1.343 865.393 1591.82 1340.4 0.55 0.9 1.09482e+06 0.6 2.32965e+08 1.72243e+08 0.744275 0.00222787 4.02585e-05 0.0525916 0.00015961 0.168201 0.000943222 1.88123e-07 2.36551e-05 0.00550314 0.00425419 4.51582e-06 0.000198364 3.45509e-09 4.35827e-07 6.09571e-12 0.00037905 3.09362e-06 7.23025e-07 4.28079e-06 0.0189421 4.09671e-07 4.64155e-05 2.778e-12 0.000303676 3.69012e-07 0.00187559 1.9719e-05 2.02311e-06 
0.0507878 2156.36 1759.01 2.59513 0.824933 4320 0.203948 1.343 865.472 1591.82 1340.4 0.55 0.9 1.09754e+06 0.6 2.37763e+08 1.77221e+08 0.745541 0.0022224 4.17162e-05 0.0507037 0.000163316 0.169946 0.000999793 1.7748e-07 2.26775e-05 0.00560691 0.00417943 4.26544e-06 0.000198285 3.52595e-09 4.48329e-07 5.80191e-12 0.000358519 2.85165e-06 6.82958e-07 4.06554e-06 0.0177979 3.64456e-07 4.87091e-05 2.53544e-12 0.000306931 3.62854e-07 0.00182847 1.85126e-05 1.89711e-06 
0.0507908 2161.25 1760.32 2.60154 0.824933 4320 0.203909 1.343 865.512 1591.82 1340.4 0.55 0.9 1.09888e+06 0.6 2.40155e+08 1.78567e+08 0.746168 0.00221938 4.24586e-05 0.0497685 0.000165182 0.170808 0.00102916 1.72424e-07 2.21887e-05 0.00565912 0.00414037 4.14515e-06 0.000198185 3.5637e-09 4.54813e-07 5.66151e-12 0.000348224 2.73401e-06 6.63269e-07 3.95776e-06 0.017237 3.43335e-07 4.98574e-05 2.42272e-12 0.00030835 3.59348e-07 0.00180393 1.79192e-05 1.83423e-06 
0.0507924 2163.67 1760.97 2.60473 0.824933 4320 0.203882 1.343 865.531 1591.82 1340.4 0.55 0.9 1.09955e+06 0.6 2.41349e+08 1.78322e+08 0.746479 0.0022178 4.28332e-05 0.0493032 0.000166119 0.171236 0.00104411 1.69961e-07 2.19445e-05 0.00568531 0.00412043 4.08621e-06 0.000198119 3.58313e-09 4.58111e-07 5.59286e-12 0.000343073 2.67603e-06 6.53514e-07 3.90386e-06 0.0169595 3.3313e-07 5.04313e-05 2.36839e-12 0.000309006 3.57488e-07 0.00179141 1.76251e-05 1.80285e-06 
0.0507939 2166.09 1761.62 2.6079 0.824933 4320 0.203856 1.343 865.551 1591.82 1340.4 0.55 0.9 1.10021e+06 0.6 2.42542e+08 1.7931e+08 0.746789 0.00221617 4.32098e-05 0.0488396 0.000167057 0.171661 0.00105924 1.67542e-07 2.17004e-05 0.00571154 0.00410023 4.02809e-06 0.000198043 3.60292e-09 4.61445e-07 5.52524e-12 0.000337923 2.61865e-06 6.43822e-07 3.84999e-06 0.0166839 3.23161e-07 5.10045e-05 2.3154e-12 0.000309625 3.55557e-07 0.00177875 1.73329e-05 1.77152e-06 
0.0507954 2168.5 1762.26 2.61106 0.824933 4320 0.20383 1.343 865.57 1591.82 1340.4 0.55 0.9 1.10087e+06 0.6 2.43732e+08 1.80292e+08 0.747098 0.0022145 4.35886e-05 0.0483777 0.000167998 0.172085 0.00107455 1.65167e-07 2.14566e-05 0.00573782 0.00407976 3.97077e-06 0.000197957 3.62306e-09 4.64813e-07 5.45862e-12 0.000332774 2.56186e-06 6.34193e-07 3.79616e-06 0.0164103 3.13419e-07 5.15768e-05 2.26371e-12 0.000310207 3.53556e-07 0.00176593 1.70425e-05 1.74026e-06 
0.0507969 2170.9 1762.91 2.61421 0.824933 4320 0.203804 1.343 865.59 1591.82 1340.4 0.55 0.9 1.10152e+06 0.6 2.44921e+08 1.81268e+08 0.747405 0.00221278 4.39693e-05 0.0479175 0.000168942 0.172506 0.00109003 1.62834e-07 2.12131e-05 0.00576414 0.00405904 3.91424e-06 0.00019786 3.64355e-09 4.68214e-07 5.39298e-12 0.000327628 2.50566e-06 6.24628e-07 3.74239e-06 0.0161388 3.03899e-07 5.21479e-05 2.21329e-12 0.000310752 3.51485e-07 0.00175297 1.6754e-05 1.70908e-06 
0.0507985 2173.29 1763.55 2.61735 0.824933 4320 0.203778 1.343 865.609 1591.82 1340.4 0.55 0.9 1.10217e+06 0.6 2.46108e+08 1.83643e+08 0.747712 0.00221102 4.43521e-05 0.047459 0.000169888 0.172926 0.00110569 1.60544e-07 2.097e-05 0.00579051 0.00403806 3.85849e-06 0.000197753 3.66437e-09 4.71649e-07 5.32828e-12 0.000322486 2.45005e-06 6.15128e-07 3.68867e-06 0.0158693 2.94594e-07 5.27177e-05 2.16408e-12 0.00031126 3.49344e-07 0.00173987 1.64674e-05 1.67797e-06 
0.0508 2175.67 1764.19 2.62047 0.824933 4320 0.203762 1.343 865.628 1591.82 1340.4 0.55 0.9 1.10282e+06 0.6 2.47292e+08 4.43836e+10 0.748016 0.00220921 4.47368e-05 0.0470022 0.000170836 0.173343 0.00112152 1.58295e-07 2.07272e-05 0.00581692 0.00401683 3.80351e-06 0.000197635 3.68552e-09 4.75117e-07 5.26453e-12 0.000317349 2.39502e-06 6.05692e-07 3.63503e-06 0.0156017 2.85495e-07 5.32857e-05 2.11606e-12 0.00031173 3.47134e-07 0.00172663 1.61827e-05 1.64696e-06 
0.0508015 2178.04 1764.32 2.5098 0.862333 2620 1.74535 1.168 1324.18 934.45 525.95 0.55 0.9 445387 0.6 9.70436e+07 -4.4135e+10 0.74832 0.00220736 4.51236e-05 0.0465472 0.000171787 0.173758 0.00113753 1.56086e-07 2.04849e-05 0.00584337 0.00399535 3.74928e-06 0.000197506 3.70699e-09 4.78616e-07 5.20175e-12 0.000312218 2.34058e-06 5.96321e-07 3.58147e-06 0.0153362 2.76597e-07 5.38519e-05 2.06918e-12 0.000312162 3.44855e-07 0.00171327 1.58999e-05 1.61603e-06 
0.0508031 2180 1764.4 2.51225 0.862333 2620 1.74531 1.168 1324.19 934.45 525.95 0.55 0.9 445601 0.6 9.7018e+07 6.48352e+07 0.748571 0.00220579 4.5447e-05 0.0461702 0.000172581 0.174101 0.00115099 1.54283e-07 2.02836e-05 0.00586541 0.00397728 3.70482e-06 0.00019739 3.72512e-09 4.81554e-07 5.15049e-12 0.000307956 2.2958e-06 5.88582e-07 3.537e-06 0.0151171 2.69364e-07 5.43211e-05 2.03114e-12 0.000312488 3.42909e-07 0.00170203 1.56663e-05 1.59039e-06 
0.0508046 2181.94 1764.47 2.51469 0.862333 2620 1.74527 1.168 1324.2 934.45 525.95 0.55 0.9 445814 0.6 9.69925e+07 6.5777e+07 0.748821 0.00220417 4.5772e-05 0.0457954 0.000173377 0.174442 0.00116458 1.52516e-07 2.00832e-05 0.00588746 0.00395903 3.66107e-06 0.000197264 3.74349e-09 4.84514e-07 5.10032e-12 0.000303708 2.2516e-06 5.80913e-07 3.4927e-06 0.0149 2.6231e-07 5.47875e-05 1.9941e-12 0.00031278 3.4092e-07 0.00169071 1.54348e-05 1.56488e-06 
0.0508061 2183.86 1764.55 2.51711 0.862333 2620 1.74523 1.168 1324.21 934.45 525.95 0.55 0.9 446024 0.6 9.69669e+07 6.67114e+07 0.749068 0.00220252 4.60986e-05 0.0454228 0.000174175 0.174781 0.0011783 1.50786e-07 1.98834e-05 0.0059095 0.00394062 3.61804e-06 0.00019713 3.7621e-09 4.87495e-07 5.05125e-12 0.000299475 2.20797e-06 5.73313e-07 3.44857e-06 0.014685 2.55429e-07 5.52512e-05 1.95802e-12 0.000313039 3.3889e-07 0.00167929 1.52053e-05 1.53952e-06 
0.0508076 2185.77 1764.62 2.51951 0.862333 2620 1.74519 1.168 1324.21 934.45 525.95 0.55 0.9 446232 0.6 9.69414e+07 6.73279e+07 0.749315 0.00220083 4.64268e-05 0.0450522 0.000174976 0.175117 0.00119216 1.49092e-07 1.96845e-05 0.00593154 0.00392204 3.57569e-06 0.000196986 3.78093e-09 4.90496e-07 5.00328e-12 0.000295257 2.16492e-06 5.65783e-07 3.40463e-06 0.0144719 2.48718e-07 5.57119e-05 1.92287e-12 0.000313265 3.36821e-07 0.00166778 1.49779e-05 1.5143e-06 
0.0508092 2187.66 1764.7 2.52189 0.862333 2620 1.74513 1.168 1324.22 934.45 525.95 0.55 0.9 446439 0.6 9.6916e+07 6.79408e+07 0.749559 0.0021991 4.67564e-05 0.0446839 0.000175778 0.175451 0.00120614 1.47432e-07 1.94863e-05 0.00595359 0.0039033 3.53404e-06 0.000196833 3.79998e-09 4.93518e-07 4.95637e-12 0.000291055 2.12243e-06 5.58322e-07 3.36087e-06 0.014261 2.42171e-07 5.61693e-05 1.88863e-12 0.000313456 3.34712e-07 0.00165619 1.47526e-05 1.48922e-06 
0.0508122 2191.39 1764.84 2.52658 0.862333 2620 1.74502 1.168 1324.23 934.45 525.95 0.55 0.9 446845 0.6 9.68651e+07 7.01717e+07 0.750042 0.00219555 4.742e-05 0.043954 0.00017739 0.176112 0.00123447 1.44217e-07 1.90927e-05 0.00599766 0.00386535 3.4528e-06 0.000196499 3.83872e-09 4.99616e-07 4.86573e-12 0.000282705 2.0392e-06 5.43615e-07 3.27399e-06 0.0138452 2.29562e-07 5.70736e-05 1.82281e-12 0.000313737 3.30381e-07 0.00163277 1.43083e-05 1.43955e-06 
0.0508183 2198.65 1765.14 2.53572 0.862333 2620 1.74486 1.168 1324.26 934.45 525.95 0.55 0.9 447632 0.6 9.67635e+07 7.36157e+07 0.750988 0.00218801 4.87637e-05 0.0425214 0.000180644 0.177406 0.0012926 1.38194e-07 1.83165e-05 0.00608571 0.0037877 3.29834e-06 0.000195718 3.91852e-09 5.12012e-07 4.69647e-12 0.000266239 1.87959e-06 5.15056e-07 3.10289e-06 0.0130386 2.06177e-07 5.88354e-05 1.70117e-12 0.000313889 3.21282e-07 0.00158508 1.34452e-05 1.34221e-06 
0.0508244 2205.64 1765.43 2.54453 0.862333 2620 1.74463 1.168 1324.29 934.45 525.95 0.55 0.9 448386 0.6 9.66621e+07 7.71358e+07 0.751906 0.00217993 5.01296e-05 0.0411238 0.000183946 0.178662 0.00135269 1.32681e-07 1.75554e-05 0.00617371 0.00370784 3.1538e-06 0.000194783 4.00096e-09 5.24625e-07 4.54189e-12 0.000250111 1.72874e-06 4.87596e-07 2.93557e-06 0.012264 1.84962e-07 6.05241e-05 1.59146e-12 0.000313493 3.11637e-07 0.00153639 1.26153e-05 1.24773e-06 
0.0508366 2218.79 1766.01 2.56115 0.862333 2620 1.74433 1.168 1324.34 934.45 525.95 0.55 0.9 449796 0.6 9.64597e+07 8.34994e+07 0.753654 0.00216221 5.29202e-05 0.0384381 0.000190701 0.181061 0.00147849 1.23136e-07 1.60848e-05 0.00634921 0.00354232 2.89328e-06 0.000192436 4.17181e-09 5.50254e-07 4.27368e-12 0.000219055 1.4532e-06 4.36021e-07 2.61396e-06 0.0108118 1.48469e-07 6.36396e-05 1.40405e-12 0.000311039 2.90927e-07 0.00143669 1.10582e-05 1.0685e-06 
0.0508488 2230.83 1766.59 2.57643 0.862333 2620 1.74388 1.168 1324.39 934.45 525.95 0.55 0.9 451075 0.6 9.62567e+07 8.95355e+07 0.75529 0.00214258 5.57859e-05 0.0358933 0.000197707 0.183312 0.00161174 1.15413e-07 1.46873e-05 0.00652403 0.00337046 2.66623e-06 0.000189403 4.34622e-09 5.75861e-07 4.05299e-12 0.000189854 1.21027e-06 3.88669e-07 2.31145e-06 0.00948275 1.18416e-07 6.63153e-05 1.25181e-12 0.000306362 2.6875e-07 0.00133503 9.63509e-06 9.03704e-07 
0.0508732 2251.62 1767.71 2.60291 0.862333 2620 1.74329 1.168 1324.49 934.45 525.95 0.55 0.9 453250 0.6 9.58483e+07 9.99947e+07 0.758217 0.00209828 6.17007e-05 0.0312378 0.000212598 0.187366 0.00189905 1.0507e-07 1.21366e-05 0.00686966 0.00301302 2.3031e-06 0.000181109 4.68754e-09 6.24623e-07 3.74049e-12 0.000137928 8.17413e-07 3.06349e-07 1.7718e-06 0.00718942 7.43149e-08 7.00434e-05 1.03144e-12 0.000290405 2.21979e-07 0.00113012 7.19274e-06 6.22001e-07 
0.0508977 2268.08 1768.81 2.62412 0.862333 2620 1.74273 1.168 1324.59 934.45 525.95 0.55 0.9 454936 0.6 9.54303e+07 1.08165e+08 0.760713 0.00204882 6.78007e-05 0.0271291 0.000229003 0.19086 0.00221146 1.00795e-07 9.92005e-06 0.00720632 0.00264811 2.03541e-06 0.000169551 4.97865e-09 6.64647e-07 3.5667e-12 9.55634e-05 5.29865e-07 2.38543e-07 1.32274e-06 0.00533297 4.517e-08 7.10907e-05 8.91298e-13 0.000266427 1.75455e-07 0.000930693 5.24636e-06 4.0552e-07 
0.0509221 2280.39 1769.86 2.64024 0.862333 2620 1.74219 1.168 1324.69 934.45 525.95 0.55 0.9 456161 0.6 9.49992e+07 1.14284e+08 0.762801 0.00199597 7.39818e-05 0.0235501 0.000247241 0.193822 0.00254298 1.01996e-07 8.04171e-06 0.00752766 0.00228619 1.84366e-06 0.000154663 5.17304e-09 6.89505e-07 3.51123e-12 6.29436e-05 3.28907e-07 1.83462e-07 9.63377e-07 0.00386946 2.65077e-08 6.9161e-05 8.08799e-13 0.00023598 1.32754e-07 0.000744586 3.74422e-06 2.49875e-07 
0.0509465 2288.83 1770.88 2.65159 0.862333 2620 1.74166 1.168 1324.78 934.45 525.95 0.55 0.9 456966 0.6 9.45521e+07 1.18475e+08 0.764516 0.00194156 8.01135e-05 0.0204726 0.000267461 0.196295 0.00288479 1.08103e-07 6.49014e-06 0.00782623 0.00193702 1.71068e-06 0.000136838 5.23223e-09 6.93783e-07 3.55661e-12 3.93151e-05 1.95097e-07 1.39223e-07 6.85798e-07 0.00274687 1.49745e-08 6.43612e-05 7.68863e-13 0.000201385 9.64027e-08 0.000578208 2.61886e-06 1.45351e-07 
0.0509709 2293.77 1771.86 2.65865 0.862333 2620 1.74116 1.168 1324.87 934.45 525.95 0.55 0.9 457396 0.6 9.40868e+07 1.20923e+08 0.765899 0.00188731 8.6047e-05 0.0178595 0.000289524 0.198331 0.00322582 1.18482e-07 5.24191e-06 0.00809468 0.00160941 1.62175e-06 0.000116988 5.13871e-09 6.74948e-07 3.68626e-12 2.32568e-05 1.10432e-07 1.04086e-07 4.7805e-07 0.0019093 8.12697e-09 5.72242e-05 7.61161e-13 0.000165399 6.75986e-08 0.000435767 1.79823e-06 7.9841e-08 
0.0509953 2295.69 1772.79 2.66199 0.862333 2620 1.74068 1.168 1324.96 934.45 525.95 0.55 0.9 457503 0.6 9.36019e+07 1.21863e+08 0.766996 0.00183478 9.16313e-05 0.0156679 0.000312947 0.199988 0.00355402 1.32361e-07 4.26428e-06 0.00832713 0.00131078 1.56456e-06 9.64137e-05 4.90408e-09 6.34605e-07 3.88304e-12 1.30318e-05 5.96321e-08 7.65358e-08 3.26854e-07 0.00130119 4.23486e-09 4.86059e-05 7.7812e-13 0.000130724 4.62668e-08 0.000318953 1.21411e-06 4.14941e-08 
0.0510197 2295.11 1773.69 2.6622 0.862333 2620 1.74022 1.168 1325.04 934.45 525.95 0.55 0.9 457344 0.6 9.30966e+07 1.21557e+08 0.767853 0.00178522 9.67315e-05 0.013851 0.000336936 0.201324 0.00385797 1.48816e-07 3.51817e-06 0.00852043 0.00104656 1.52913e-06 7.65328e-05 4.56734e-09 5.78403e-07 4.12885e-12 6.92929e-06 3.07501e-08 5.52813e-08 2.19531e-07 0.000871027 2.12059e-09 3.94872e-05 8.13622e-13 9.95412e-05 3.14104e-08 0.000227077 8.0723e-07 2.04747e-08 
0.0510441 2292.52 1774.54 2.65993 0.862333 2620 1.73979 1.168 1325.11 934.45 525.95 0.55 0.9 456970 0.6 9.25707e+07 1.20271e+08 0.768514 0.00173954 0.000101245 0.0123608 0.000360509 0.202398 0.00412851 1.66838e-07 2.96191e-06 0.00867466 0.000819696 1.50772e-06 5.85658e-05 4.18312e-09 5.14459e-07 4.40546e-12 3.50761e-06 1.51779e-08 3.9201e-08 1.45057e-07 0.000573965 1.02269e-09 3.07554e-05 8.62308e-13 7.31954e-05 2.15938e-08 0.000157612 5.29249e-07 9.63844e-09 
0.0510686 2288.43 1775.35 2.65572 0.862333 2620 1.73938 1.168 1325.19 934.45 525.95 0.55 0.9 456433 0.6 9.20243e+07 1.18253e+08 0.769016 0.00169826 0.000105114 0.0111501 0.000382672 0.203259 0.00435979 1.85429e-07 2.55509e-06 0.00879284 0.000630545 1.4947e-06 4.33065e-05 3.8055e-09 4.51025e-07 4.69595e-12 1.69781e-06 7.19589e-09 2.73002e-08 9.44403e-08 0.000373184 4.76566e-10 2.30448e-05 9.1936e-13 5.21463e-05 1.53694e-08 0.000106958 3.42653e-07 4.35335e-09 
0.051093 2283.23 1776.13 2.6501 0.862333 2620 1.73898 1.168 1325.26 934.45 525.95 0.55 0.9 455776 0.6 9.14577e+07 1.15719e+08 0.769394 0.00166157 0.000108319 0.0101742 0.000402585 0.203952 0.00454952 2.03722e-07 2.2616e-06 0.00887999 0.000477139 1.48622e-06 3.1054e-05 3.47492e-09 3.94506e-07 4.98622e-12 7.89919e-07 3.29094e-09 1.86928e-08 6.06883e-08 0.000239978 2.15442e-10 1.66819e-05 9.80565e-13 3.61344e-05 1.15328e-08 7.11892e-05 2.19395e-07 1.89813e-09 
0.0511174 2277.28 1776.86 2.64348 0.862333 2620 1.73861 1.168 1325.32 934.45 525.95 0.55 0.9 455034 0.6 9.08717e+07 1.12846e+08 0.769676 0.00162935 0.000110884 0.00939239 0.00041967 0.204513 0.00469855 2.21053e-07 2.05142e-06 0.00894201 0.00035583 1.47982e-06 2.1689e-05 3.21286e-09 3.4852e-07 5.26582e-12 3.55231e-07 1.45871e-09 1.26059e-08 3.85657e-08 0.00015297 9.48977e-11 1.1721e-05 1.04249e-12 2.44568e-05 9.20343e-09 4.66222e-05 1.39146e-07 8.03846e-10 
0.0511418 2270.84 1777.55 2.63619 0.862333 2620 1.73826 1.168 1325.39 934.45 525.95 0.55 0.9 454235 0.6 9.0267e+07 1.09771e+08 0.769885 0.00160128 0.000112855 0.00876859 0.000433646 0.204971 0.00481003 2.36991e-07 1.90098e-06 0.00898472 0.000262036 1.47407e-06 1.48274e-05 3.02362e-09 3.14049e-07 5.52812e-12 1.55276e-07 6.297e-10 8.39023e-09 2.42831e-08 9.6854e-05 4.09074e-11 8.03242e-06 1.10256e-12 1.62357e-05 7.79356e-09 3.01365e-05 8.75612e-08 3.32567e-10 
0.0511662 2264.11 1778.21 2.62847 0.862333 2620 1.73793 1.168 1325.45 934.45 525.95 0.55 0.9 453400 0.6 8.96446e+07 1.06595e+08 0.770039 0.00157692 0.000114298 0.00827179 0.000444497 0.205351 0.00488842 2.51321e-07 1.79264e-06 0.00901321 0.000190917 1.46823e-06 9.97442e-06 2.90004e-09 2.9022e-07 5.76978e-12 6.63252e-08 2.65986e-10 5.52373e-09 1.518e-08 6.10211e-05 1.73299e-11 5.39529e-06 1.15912e-12 1.06132e-05 6.93426e-09 1.92818e-05 5.47624e-08 1.35122e-10 
0.0511906 2257.23 1778.83 2.6205 0.862333 2620 1.73761 1.168 1325.5 934.45 525.95 0.55 0.9 452545 0.6 8.90054e+07 1.03388e+08 0.770151 0.00155576 0.000115284 0.00787592 0.000452405 0.20567 0.00493871 2.63998e-07 1.71363e-06 0.00903162 0.000137877 1.46196e-06 6.64005e-06 2.82954e-09 2.75207e-07 5.98995e-12 2.78213e-08 1.10423e-10 3.60491e-09 9.43873e-09 3.83143e-05 7.2429e-12 3.56907e-06 1.21121e-12 6.85613e-06 6.40223e-09 1.22416e-05 3.40945e-08 5.41645e-11 
0.051215 2250.29 1779.41 2.61242 0.862333 2620 1.73732 1.168 1325.55 934.45 525.95 0.55 0.9 451681 0.6 8.83504e+07 1.00199e+08 0.770234 0.00153732 0.000115885 0.00755955 0.000457677 0.205941 0.00496582 2.75095e-07 1.65494e-06 0.00904307 9.88653e-05 1.45514e-06 4.40154e-06 2.79864e-09 2.66945e-07 6.1895e-12 1.15113e-08 4.52353e-11 2.33688e-09 5.84776e-09 2.40058e-05 2.99676e-12 2.33632e-06 1.25853e-12 4.3907e-06 6.06462e-09 7.72866e-06 2.1163e-08 2.1506e-11 
0.0512395 2243.37 1779.96 2.60431 0.862333 2620 1.73704 1.168 1325.6 934.45 525.95 0.55 0.9 450815 0.6 8.76806e+07 9.70605e+07 0.770294 0.00152111 0.000116166 0.00730529 0.000460673 0.206177 0.00497423 2.84752e-07 1.61033e-06 0.00904982 7.04968e-05 1.44783e-06 2.92574e-06 2.79547e-09 2.6355e-07 6.37025e-12 4.71665e-09 1.83524e-11 1.50747e-09 3.61568e-09 1.50249e-05 1.23119e-12 1.52072e-06 1.30113e-12 2.79519e-06 5.84271e-09 4.86106e-06 1.31151e-08 8.48612e-12 
0.0512639 2236.5 1780.48 2.59623 0.862333 2620 1.73678 1.168 1325.65 934.45 525.95 0.55 0.9 449952 0.6 8.69968e+07 9.39908e+07 0.770338 0.00150673 0.000116187 0.0070993 0.000461764 0.206386 0.00496784 2.93142e-07 1.57549e-06 0.00905346 5.0058e-05 1.44009e-06 1.96619e-06 2.81071e-09 2.63503e-07 6.53451e-12 1.92055e-09 7.39845e-12 9.69216e-10 2.23439e-09 9.40228e-06 5.03583e-13 9.89337e-07 1.33937e-12 1.77325e-06 5.6897e-09 3.0506e-06 8.12532e-09 3.33722e-12 
0.0512883 2229.71 1780.97 2.58822 0.862333 2620 1.73653 1.168 1325.69 934.45 525.95 0.55 0.9 449095 0.6 8.63002e+07 9.10019e+07 0.77037 0.00149383 0.000115998 0.00693064 0.000461298 0.206573 0.00494993 3.00443e-07 1.54751e-06 0.00905507 3.54408e-05 1.43204e-06 1.34871e-06 2.83759e-09 2.65668e-07 6.6847e-12 7.79626e-10 2.97292e-12 6.21962e-10 1.38206e-09 5.88711e-06 2.05529e-13 6.4703e-07 1.3737e-12 1.12351e-06 5.57763e-09 1.91262e-06 5.03903e-09 1.31107e-12 
0.0513127 2223.02 1781.42 2.5803 0.862333 2620 1.73631 1.168 1325.73 934.45 525.95 0.55 0.9 448247 0.6 8.55916e+07 8.81e+07 0.770394 0.00148211 0.000115643 0.00679073 0.000459583 0.206744 0.00492315 3.06822e-07 1.52437e-06 0.00905536 2.50477e-05 1.42379e-06 9.54266e-07 2.87147e-09 2.69246e-07 6.82311e-12 3.1648e-10 1.19467e-12 3.98862e-10 8.56934e-10 3.69063e-06 8.38703e-14 4.28244e-07 1.40464e-12 7.12464e-07 5.48973e-09 1.19938e-06 3.13246e-09 5.15654e-13 
0.0513371 2216.43 1781.84 2.57249 0.862333 2620 1.73609 1.168 1325.77 934.45 525.95 0.55 0.9 447409 0.6 8.48718e+07 8.52877e+07 0.770411 0.00147133 0.000115156 0.00667293 0.000456882 0.206903 0.00488964 3.12431e-07 1.50469e-06 0.00905482 1.76912e-05 1.41544e-06 7.03565e-07 2.9093e-09 2.73697e-07 6.95184e-12 1.28891e-10 4.82053e-13 2.55919e-10 5.33553e-10 2.31785e-06 3.42835e-14 2.89066e-07 1.43269e-12 4.53224e-07 5.41596e-09 7.53047e-07 1.95495e-09 2.03446e-13 
0.0513615 2209.95 1782.24 2.5648 0.862333 2620 1.7359 1.168 1325.81 934.45 525.95 0.55 0.9 446581 0.6 8.41418e+07 8.25656e+07 0.770424 0.0014613 0.000114565 0.00657208 0.000453415 0.207051 0.00485109 3.17398e-07 1.48754e-06 0.00905375 1.25017e-05 1.40708e-06 5.44721e-07 2.94917e-09 2.78671e-07 7.0727e-12 5.28756e-11 1.96519e-13 1.64479e-10 3.34314e-10 1.4592e-06 1.40639e-14 2.00691e-07 1.45832e-12 2.89972e-07 5.35034e-09 4.73903e-07 1.22731e-09 8.06873e-14 
0.0513859 2203.58 1782.6 2.55722 0.862333 2620 1.73571 1.168 1325.84 934.45 525.95 0.55 0.9 445765 0.6 8.34024e+07 7.99328e+07 0.770433 0.00145187 0.000113894 0.00648423 0.000449359 0.207192 0.00480884 3.21833e-07 1.47225e-06 0.00905235 8.84966e-06 1.39878e-06 4.44244e-07 2.98993e-09 2.83944e-07 7.18723e-12 2.19769e-11 8.18337e-14 1.06023e-10 2.11404e-10 9.21447e-07 5.80158e-15 1.44514e-07 1.48192e-12 1.8719e-07 5.28934e-09 2.99274e-07 7.7708e-10 3.22473e-14 
0.0514104 2197.32 1782.94 2.54978 0.862333 2620 1.73554 1.168 1325.87 934.45 525.95 0.55 0.9 444960 0.6 8.26545e+07 7.73875e+07 0.77044 0.0014429 0.00011316 0.00640633 0.000444857 0.207327 0.00476389 3.25825e-07 1.45836e-06 0.00905075 6.28389e-06 1.3906e-06 3.80725e-07 3.0309e-09 2.8938e-07 7.2967e-12 9.34273e-12 3.55333e-14 6.86496e-11 1.35428e-10 5.84117e-07 2.41244e-15 1.08654e-07 1.50385e-12 1.22423e-07 5.23091e-09 1.89928e-07 4.97967e-10 1.30294e-14 
0.0514348 2191.17 1783.26 2.54246 0.862333 2620 1.73539 1.168 1325.9 934.45 525.95 0.55 0.9 444166 0.6 8.18987e+07 7.49275e+07 0.770445 0.00143432 0.000112377 0.00633604 0.000440022 0.207457 0.00471706 3.29449e-07 1.44553e-06 0.00904903 4.48308e-06 1.38257e-06 3.40568e-07 3.07171e-09 2.94894e-07 7.40215e-12 4.12921e-12 1.66842e-14 4.47374e-11 8.83348e-11 3.72098e-07 1.01439e-15 8.5582e-08 1.52439e-12 8.15387e-08 5.17388e-09 1.21357e-07 3.24496e-10 5.34766e-15 
0.0514592 2185.13 1783.54 2.53526 0.862333 2620 1.73525 1.168 1325.92 934.45 525.95 0.55 0.9 443384 0.6 8.11358e+07 7.25504e+07 0.770449 0.00142604 0.000111558 0.00627158 0.000434945 0.207583 0.00466895 3.32763e-07 1.43353e-06 0.00904725 3.21972e-06 1.37473e-06 3.15175e-07 3.11218e-09 3.00441e-07 7.50443e-12 1.94923e-12 8.91416e-15 2.94193e-11 5.90422e-11 2.38543e-07 4.3318e-16 7.05547e-08 1.54377e-12 5.56608e-08 5.11764e-09 7.82737e-08 2.16338e-10 2.24602e-15 
0.0514836 2179.2 1783.8 2.52819 0.862333 2620 1.73512 1.168 1325.95 934.45 525.95 0.55 0.9 442614 0.6 8.03665e+07 7.02535e+07 0.770452 0.00141802 0.000110711 0.00621159 0.000429695 0.207706 0.00462002 3.35816e-07 1.4222e-06 0.00904545 2.3334e-06 1.3671e-06 2.99125e-07 3.15221e-09 3.05992e-07 7.60421e-12 1.02069e-12 5.65244e-15 1.95907e-11 4.07407e-11 1.54208e-07 1.8902e-16 6.05927e-08 1.5622e-12 3.92228e-08 5.06185e-09 5.11388e-08 1.48638e-10 9.76803e-16 
0.051508 2173.37 1784.04 2.52123 0.862333 2620 1.735 1.168 1325.97 934.45 525.95 0.55 0.9 441854 0.6 7.95916e+07 6.80342e+07 0.770454 0.00141019 0.000109842 0.00615503 0.000424327 0.207827 0.00457065 3.38644e-07 1.41139e-06 0.00904364 1.71135e-06 1.35969e-06 2.89e-07 3.19178e-09 3.11533e-07 7.70203e-12 6.14965e-13 4.24683e-15 1.32717e-11 2.92421e-11 1.00811e-07 8.5009e-17 5.38285e-08 1.57983e-12 2.87338e-08 5.00638e-09 3.40006e-08 1.06057e-10 4.48117e-16 
0.0515324 2167.64 1784.25 2.5144 0.862333 2620 1.7349 1.168 1325.99 934.45 525.95 0.55 0.9 441106 0.6 7.88116e+07 6.58899e+07 0.770456 0.00140254 0.000108958 0.00610111 0.000418883 0.207945 0.0045211 3.4128e-07 1.40102e-06 0.00904183 1.27444e-06 1.35252e-06 2.82648e-07 3.23091e-09 3.17058e-07 7.7983e-12 4.31432e-13 3.61781e-15 9.20008e-12 2.19658e-11 6.69047e-08 3.98733e-17 4.90916e-08 1.59678e-12 2.20025e-08 4.95117e-09 2.31406e-08 7.91136e-11 2.22671e-16 
0.0515568 2162.02 1784.45 2.50768 0.862333 2620 1.7348 1.168 1326 934.45 525.95 0.55 0.9 440369 0.6 7.80273e+07 6.3818e+07 0.770457 0.00139503 0.000108064 0.00604921 0.000413396 0.208061 0.00447159 3.43746e-07 1.39101e-06 0.00904004 9.67282e-07 1.34559e-06 2.78711e-07 3.2696e-09 3.22562e-07 7.89335e-12 3.44493e-13 3.32083e-15 6.56989e-12 1.73187e-11 4.53066e-08 1.98055e-17 4.56485e-08 1.61314e-12 1.76517e-08 4.89623e-09 1.62326e-08 6.19342e-11 1.2356e-16 
0.0515812 2156.49 1784.62 2.50108 0.862333 2620 1.73472 1.168 1326.02 934.45 525.95 0.55 0.9 439642 0.6 7.72391e+07 6.18161e+07 0.770458 0.00138765 0.000107161 0.00599889 0.000407891 0.208175 0.00442227 3.46062e-07 1.38131e-06 0.00903828 7.51071e-07 1.33889e-06 2.76331e-07 3.30788e-09 3.28046e-07 7.98744e-12 3.00802e-13 3.16995e-15 4.8662e-12 1.4315e-11 3.15016e-08 1.06022e-17 4.30382e-08 1.62899e-12 1.4814e-08 4.84159e-09 1.18185e-08 5.08727e-11 7.82812e-17 
0.0516057 2151.05 1784.76 2.49459 0.862333 2620 1.73465 1.168 1326.03 934.45 525.95 0.55 0.9 438926 0.6 7.64478e+07 5.98817e+07 0.770459 0.00138038 0.000106253 0.0059498 0.000402389 0.208288 0.00437325 3.48244e-07 1.37187e-06 0.00903654 5.9867e-07 1.33243e-06 2.74965e-07 3.34578e-09 3.33509e-07 8.08076e-12 2.77204e-13 3.08572e-15 3.7594e-12 1.23427e-11 2.26438e-08 6.21765e-18 4.09707e-08 1.64439e-12 1.29417e-08 4.78729e-09 8.98259e-09 4.36593e-11 5.66131e-17 
0.0516301 2145.71 1784.89 2.48821 0.862333 2620 1.73459 1.168 1326.04 934.45 525.95 0.55 0.9 438221 0.6 7.56538e+07 5.80124e+07 0.770459 0.00137321 0.000105343 0.00590166 0.000396905 0.2084 0.00432464 3.50304e-07 1.36266e-06 0.00903483 4.91084e-07 1.3262e-06 2.74265e-07 3.38331e-09 3.38953e-07 8.17345e-12 2.63366e-13 3.03328e-15 3.03808e-12 1.10212e-11 1.69356e-08 4.0346e-18 3.92628e-08 1.65939e-12 1.1688e-08 4.73338e-09 7.14826e-09 3.88771e-11 4.5681e-17 
0.0516545 2140.45 1785 2.48193 0.862333 2620 1.73454 1.168 1326.05 934.45 525.95 0.55 0.9 437525 0.6 7.48577e+07 5.62061e+07 0.77046 0.00136612 0.000104432 0.00585429 0.00039145 0.20851 0.00427649 3.52251e-07 1.35364e-06 0.00903316 4.15009e-07 1.3202e-06 2.74011e-07 3.4205e-09 3.44377e-07 8.26563e-12 2.54517e-13 2.99682e-15 2.56637e-12 1.01126e-11 1.3238e-08 2.89471e-18 3.77981e-08 1.67403e-12 1.08328e-08 4.67988e-09 5.95161e-09 3.56388e-11 3.98446e-17 
0.0516789 2135.29 1785.09 2.47576 0.862333 2620 1.7345 1.168 1326.06 934.45 525.95 0.55 0.9 436840 0.6 7.40599e+07 5.44606e+07 0.77046 0.00135912 0.000103521 0.00580754 0.000386034 0.208619 0.00422887 3.54094e-07 1.3448e-06 0.00903151 3.61117e-07 1.31441e-06 2.74061e-07 3.45736e-09 3.49782e-07 8.35736e-12 2.48362e-13 2.96884e-15 2.25667e-12 9.46783e-12 1.08274e-08 2.27062e-18 3.65024e-08 1.68832e-12 1.02356e-08 4.62684e-09 5.16215e-09 3.33867e-11 3.65456e-17 
0.0517033 2130.21 1785.16 2.4697 0.862333 2620 1.73446 1.168 1326.07 934.45 525.95 0.55 0.9 436164 0.6 7.3261e+07 5.27735e+07 0.77046 0.00135219 0.000102612 0.00576128 0.000380665 0.208727 0.00418179 3.55838e-07 1.33612e-06 0.00902989 3.22858e-07 1.30885e-06 2.74323e-07 3.4939e-09 3.55168e-07 8.44872e-12 2.43743e-13 2.94562e-15 2.05231e-12 8.99303e-12 9.24195e-09 1.91356e-18 3.5328e-08 1.70228e-12 9.8063e-09 4.57429e-09 4.63338e-09 3.17685e-11 3.45742e-17 
0.0517277 2125.22 1785.21 2.46373 0.862333 2620 1.73444 1.168 1326.07 934.45 525.95 0.55 0.9 435499 0.6 7.24615e+07 5.11436e+07 0.770461 0.00134533 0.000101705 0.00571544 0.000375347 0.208834 0.0041353 3.57491e-07 1.32757e-06 0.0090283 2.95615e-07 1.30348e-06 2.74736e-07 3.53012e-09 3.60535e-07 8.53973e-12 2.40045e-13 2.92521e-15 1.91647e-12 8.62854e-12 8.18543e-09 1.70072e-18 3.42436e-08 1.71595e-12 9.48678e-09 4.52224e-09 4.27152e-09 3.05601e-11 3.33289e-17 
0.0517766 2115.48 1785.26 2.4521 0.862333 2620 1.73442 1.168 1326.08 934.45 525.95 0.55 0.9 434196 0.6 7.08699e+07 4.80393e+07 0.770461 0.00133181 9.98998e-05 0.00562473 0.000364866 0.209044 0.00404404 3.60516e-07 1.31082e-06 0.00902521 2.64356e-07 1.29333e-06 2.75893e-07 3.60158e-09 3.71206e-07 8.72046e-12 2.34353e-13 2.88943e-15 1.77833e-12 8.11425e-12 7.08259e-09 1.51183e-18 3.2281e-08 1.74229e-12 9.06228e-09 4.41963e-09 3.86619e-09 2.89367e-11 3.20313e-17 
0.051801 2110.73 1785.26 2.44641 0.862333 2620 1.73443 1.168 1326.08 934.45 525.95 0.55 0.9 433557 0.6 7.00704e+07 4.65659e+07 0.770461 0.00132515 9.90047e-05 0.00557981 0.000359721 0.209148 0.00399934 3.61917e-07 1.30261e-06 0.0090237 2.54509e-07 1.28853e-06 2.76574e-07 3.63693e-09 3.76522e-07 8.81059e-12 2.31929e-13 2.87281e-15 1.73872e-12 7.90874e-12 6.7509e-09 1.46341e-18 3.13708e-08 1.7551e-12 8.90075e-09 4.36919e-09 3.73375e-09 2.83109e-11 3.16263e-17 
0.0518254 2106.05 1785.24 2.44082 0.862333 2620 1.73444 1.168 1326.08 934.45 525.95 0.55 0.9 432928 0.6 6.92718e+07 4.51418e+07 0.770461 0.00131855 9.81145e-05 0.00553516 0.000354639 0.209251 0.00395526 3.6324e-07 1.2945e-06 0.00902222 2.47587e-07 1.28389e-06 2.77312e-07 3.67199e-09 3.81819e-07 8.90039e-12 2.29717e-13 2.85679e-15 1.71288e-12 7.72855e-12 6.51952e-09 1.43525e-18 3.05024e-08 1.76762e-12 8.76338e-09 4.31932e-09 3.63334e-09 2.7775e-11 3.13274e-17 
0.0518498 2101.45 1785.21 2.43532 0.862333 2620 1.73446 1.168 1326.07 934.45 525.95 0.55 0.9 432307 0.6 6.84746e+07 4.37653e+07 0.770462 0.00131202 9.72297e-05 0.00549075 0.000349621 0.209352 0.00391179 3.64485e-07 1.28647e-06 0.00902078 2.42766e-07 1.27942e-06 2.78098e-07 3.70675e-09 3.87096e-07 8.98987e-12 2.27667e-13 2.84122e-15 1.69631e-12 7.56683e-12 6.35459e-09 1.42015e-18 2.96709e-08 1.77987e-12 8.64313e-09 4.27003e-09 3.55442e-09 2.73033e-11 3.10982e-17 
0.0518742 2096.92 1785.17 2.42991 0.862333 2620 1.73449 1.168 1326.07 934.45 525.95 0.55 0.9 431696 0.6 6.7679e+07 4.2435e+07 0.770462 0.00130554 9.63505e-05 0.00544658 0.000344669 0.209453 0.00386895 3.65657e-07 1.27853e-06 0.00901935 2.3946e-07 1.27511e-06 2.78924e-07 3.74121e-09 3.92351e-07 9.07899e-12 2.25744e-13 2.82598e-15 1.68606e-12 7.41911e-12 6.23408e-09 1.4137e-18 2.88728e-08 1.79184e-12 8.53531e-09 4.22131e-09 3.49011e-09 2.68791e-11 3.09163e-17 
0.0518986 2092.46 1785.11 2.42459 0.862333 2620 1.73452 1.168 1326.06 934.45 525.95 0.55 0.9 431093 0.6 6.68855e+07 4.11475e+07 0.770462 0.00129913 9.54772e-05 0.00540264 0.000339783 0.209552 0.00382672 3.66755e-07 1.27066e-06 0.00901796 2.37251e-07 1.27095e-06 2.79786e-07 3.77536e-09 3.97584e-07 9.16775e-12 2.23926e-13 2.811e-15 1.68014e-12 7.28239e-12 6.14353e-09 1.4131e-18 2.81054e-08 1.80353e-12 8.43675e-09 4.17318e-09 3.43587e-09 2.64914e-11 3.07675e-17 
0.051923 2088.08 1785.03 2.41934 0.862333 2620 1.73459 1.168 1326.06 934.45 525.95 0.55 0.9 430498 0.6 6.60943e+07 3.99045e+07 0.770462 0.00129277 9.461e-05 0.00535893 0.000334965 0.209651 0.00378512 3.67783e-07 1.26285e-06 0.00901659 2.35841e-07 1.26694e-06 2.80678e-07 3.8092e-09 4.02793e-07 9.2561e-12 2.22197e-13 2.79622e-15 1.67722e-12 7.15463e-12 6.07341e-09 1.41655e-18 2.73667e-08 1.81494e-12 8.3453e-09 4.12564e-09 3.38872e-09 2.61326e-11 3.06425e-17 
0.0519719 2079.52 1784.84 2.40912 0.862333 2620 1.7347 1.168 1326.04 934.45 525.95 0.55 0.9 429334 0.6 6.4528e+07 3.75374e+07 0.770463 0.00128023 9.28929e-05 0.00527212 0.00032552 0.209845 0.00370367 3.69618e-07 1.24741e-06 0.00901393 2.3477e-07 1.25931e-06 2.82546e-07 3.87588e-09 4.1313e-07 9.43128e-12 2.18967e-13 2.76709e-15 1.67775e-12 6.92151e-12 5.97529e-09 1.432e-18 2.59689e-08 1.83684e-12 8.17899e-09 4.03222e-09 3.30958e-09 2.5486e-11 3.04446e-17 
0.0520207 2071.22 1784.6 2.39919 0.862333 2620 1.73484 1.168 1326.02 934.45 525.95 0.55 0.9 428200 0.6 6.29733e+07 3.53215e+07 0.770463 0.00126791 9.12022e-05 0.00518621 0.000316338 0.210036 0.00362454 3.71194e-07 1.23217e-06 0.00901135 2.34958e-07 1.25217e-06 2.84506e-07 3.94139e-09 4.23375e-07 9.60479e-12 2.15982e-13 2.73842e-15 1.68278e-12 6.71106e-12 5.90603e-09 1.4536e-18 2.46662e-08 1.85764e-12 8.0279e-09 3.94111e-09 3.24197e-09 2.49085e-11 3.029e-17 
0.0520695 2063.17 1784.31 2.38957 0.862333 2620 1.735 1.168 1325.99 934.45 525.95 0.55 0.9 427097 0.6 6.14323e+07 3.32479e+07 0.770463 0.00125582 8.9539e-05 0.00510122 0.000307417 0.210222 0.00354768 3.72521e-07 1.21713e-06 0.00900887 2.359e-07 1.24546e-06 2.86545e-07 4.0057e-09 4.33522e-07 9.77643e-12 2.13206e-13 2.7101e-15 1.69056e-12 6.51941e-12 5.85378e-09 1.47912e-18 2.34501e-08 1.87733e-12 7.88842e-09 3.85229e-09 3.18194e-09 2.43873e-11 3.01656e-17 
0.0521184 2055.36 1783.97 2.38023 0.862333 2620 1.73519 1.168 1325.96 934.45 525.95 0.55 0.9 426022 0.6 5.99067e+07 3.12978e+07 0.770464 0.00124394 8.7904e-05 0.00501719 0.000298754 0.210405 0.00347302 3.73609e-07 1.20225e-06 0.00900647 2.37318e-07 1.23915e-06 2.88651e-07 4.06881e-09 4.43565e-07 9.946e-12 2.10607e-13 2.68203e-15 1.70018e-12 6.34397e-12 5.81272e-09 1.50742e-18 2.23135e-08 1.8959e-12 7.75836e-09 3.76573e-09 3.12746e-09 2.39141e-11 3.00637e-17 
0.0521672 2047.78 1783.59 2.37116 0.862333 2620 1.73552 1.168 1325.93 934.45 525.95 0.55 0.9 424976 0.6 5.83981e+07 2.94819e+07 0.770464 0.00123229 8.62979e-05 0.00493417 0.000290346 0.210584 0.00340052 3.74466e-07 1.18753e-06 0.00900415 2.39059e-07 1.23319e-06 2.90812e-07 4.13067e-09 4.53495e-07 1.01133e-11 2.08164e-13 2.65412e-15 1.71113e-12 6.18278e-12 5.77981e-09 1.53789e-18 2.12499e-08 1.91333e-12 7.63623e-09 3.68142e-09 3.07736e-09 2.34829e-11 2.9979e-17 
0.0522648 2033.28 1782.71 2.35383 0.862333 2620 1.73601 1.168 1325.85 934.45 525.95 0.55 0.9 422964 0.6 5.54642e+07 2.61867e+07 0.770465 0.00120961 8.31674e-05 0.00477101 0.000274256 0.210932 0.00326161 3.75482e-07 1.15839e-06 0.00899974 2.43251e-07 1.22221e-06 2.95262e-07 4.25034e-09 4.72954e-07 1.04393e-11 2.03657e-13 2.59835e-15 1.73607e-12 5.89807e-12 5.73331e-09 1.60433e-18 1.93201e-08 1.94448e-12 7.41181e-09 3.51915e-09 2.98792e-09 2.2732e-11 2.98475e-17 
0.0523625 2019.53 1781.69 2.33739 0.862333 2620 1.73642 1.168 1325.76 934.45 525.95 0.55 0.9 421046 0.6 5.26063e+07 2.32674e+07 0.770466 0.00118775 8.01516e-05 0.00461174 0.000259084 0.211266 0.00313007 3.7572e-07 1.12969e-06 0.00899558 2.4805e-07 1.21218e-06 2.99861e-07 4.36555e-09 4.92005e-07 1.07555e-11 1.99575e-13 2.54297e-15 1.76387e-12 5.65326e-12 5.70493e-09 1.67702e-18 1.76136e-08 1.97127e-12 7.20832e-09 3.36508e-09 2.90921e-09 2.2099e-11 2.97546e-17 
0.0524113 2012.91 1781.13 2.32947 0.862333 2620 1.73672 1.168 1325.71 934.45 525.95 0.55 0.9 420119 0.6 5.11945e+07 2.19327e+07 0.770467 0.00117713 7.86892e-05 0.00453369 0.000251835 0.211428 0.00306694 3.7559e-07 1.11552e-06 0.00899358 2.50626e-07 1.20744e-06 3.02206e-07 4.42165e-09 5.01394e-07 1.09102e-11 1.97671e-13 2.51551e-15 1.77859e-12 5.54329e-12 5.69609e-09 1.7155e-18 1.68336e-08 1.98316e-12 7.11311e-09 3.29111e-09 2.87312e-09 2.18193e-11 2.97197e-17 
0.0524602 2006.46 1780.54 2.32177 0.862333 2620 1.73704 1.168 1325.65 934.45 525.95 0.55 0.9 419214 0.6 4.98059e+07 2.06889e+07 0.770467 0.00116672 7.72561e-05 0.00445674 0.000244807 0.211586 0.00300556 3.75285e-07 1.10145e-06 0.00899165 2.53322e-07 1.20289e-06 3.04569e-07 4.47653e-09 5.10658e-07 1.10619e-11 1.95844e-13 2.4881e-15 1.79377e-12 5.44118e-12 5.69068e-09 1.75532e-18 1.60995e-08 1.99394e-12 7.02183e-09 3.21912e-09 2.83906e-09 2.1563e-11 2.96899e-17 
0.052509 2000.19 1779.92 2.31427 0.862333 2620 1.73736 1.168 1325.6 934.45 525.95 0.55 0.9 418331 0.6 4.84412e+07 1.95209e+07 0.770468 0.00115651 7.58524e-05 0.00438091 0.000237994 0.211742 0.00294587 3.74814e-07 1.08749e-06 0.00898977 2.56126e-07 1.1985e-06 3.06947e-07 4.53019e-09 5.1979e-07 1.12103e-11 1.94083e-13 2.46074e-15 1.80933e-12 5.34619e-12 5.68834e-09 1.79639e-18 1.54077e-08 2.00361e-12 6.93404e-09 3.14906e-09 2.80682e-09 2.13281e-11 2.96639e-17 
0.0525578 1994.08 1779.27 2.30696 0.862333 2620 1.73771 1.168 1325.54 934.45 525.95 0.55 0.9 417468 0.6 4.71008e+07 1.84235e+07 0.770468 0.00114649 7.44777e-05 0.00430623 0.00023139 0.211894 0.00288783 3.74185e-07 1.07362e-06 0.00898795 2.59029e-07 1.19425e-06 3.09333e-07 4.58264e-09 5.28788e-07 1.13555e-11 1.92382e-13 2.43342e-15 1.8252e-12 5.25773e-12 5.68878e-09 1.83864e-18 1.47552e-08 2.01219e-12 6.84941e-09 3.08088e-09 2.77622e-09 2.11127e-11 2.96404e-17 
0.0526066 1988.12 1778.61 2.29984 0.862333 2620 1.73806 1.168 1325.48 934.45 525.95 0.55 0.9 416626 0.6 4.5785e+07 1.73923e+07 0.770469 0.00113667 7.31317e-05 0.00423269 0.00022499 0.212043 0.00283137 3.73405e-07 1.05985e-06 0.00898617 2.62024e-07 1.19012e-06 3.11726e-07 4.63387e-09 5.3765e-07 1.14972e-11 1.90734e-13 2.40615e-15 1.84131e-12 5.17525e-12 5.69175e-09 1.88202e-18 1.41392e-08 2.01968e-12 6.76763e-09 3.01456e-09 2.74711e-09 2.09153e-11 2.96187e-17 
0.0526555 1982.31 1777.91 2.2929 0.862333 2620 1.73843 1.168 1325.42 934.45 525.95 0.55 0.9 415803 0.6 4.44943e+07 1.64228e+07 0.770469 0.00112704 7.18144e-05 0.0041603 0.000218788 0.212188 0.00277645 3.72482e-07 1.04618e-06 0.00898445 2.65106e-07 1.18611e-06 3.14121e-07 4.68389e-09 5.46373e-07 1.16355e-11 1.89132e-13 2.37894e-15 1.85761e-12 5.09827e-12 5.69702e-09 1.92646e-18 1.35572e-08 2.02611e-12 6.68844e-09 2.95003e-09 2.71936e-09 2.07344e-11 2.95981e-17 
0.0527043 1976.65 1777.2 2.28614 0.862333 2620 1.73881 1.168 1325.35 934.45 525.95 0.55 0.9 414999 0.6 4.32288e+07 1.55111e+07 0.77047 0.0011176 7.05252e-05 0.00408906 0.000212778 0.212331 0.00272302 3.71424e-07 1.03261e-06 0.00898277 2.68268e-07 1.18218e-06 3.16515e-07 4.73271e-09 5.54955e-07 1.17701e-11 1.87574e-13 2.3518e-15 1.87406e-12 5.02636e-12 5.70438e-09 1.97194e-18 1.3007e-08 2.03148e-12 6.61161e-09 2.88725e-09 2.69284e-09 2.05689e-11 2.95778e-17 
0.0527531 1971.13 1776.46 2.27955 0.862333 2620 1.7392 1.168 1325.29 934.45 525.95 0.55 0.9 414213 0.6 4.19887e+07 1.46534e+07 0.77047 0.00110834 6.92638e-05 0.00401899 0.000206954 0.21247 0.00267104 3.70238e-07 1.01914e-06 0.00898113 2.71507e-07 1.17834e-06 3.18907e-07 4.78032e-09 5.63395e-07 1.19011e-11 1.86053e-13 2.32473e-15 1.89061e-12 4.95913e-12 5.71367e-09 2.01839e-18 1.24863e-08 2.03582e-12 6.53694e-09 2.82617e-09 2.66745e-09 2.04174e-11 2.95572e-17 
0.052802 1965.75 1775.7 2.27311 0.862333 2620 1.7396 1.168 1325.22 934.45 525.95 0.55 0.9 413445 0.6 4.0774e+07 1.38463e+07 0.770471 0.00109926 6.80299e-05 0.00395007 0.000201312 0.212607 0.00262044 3.68932e-07 1.00577e-06 0.00897954 2.74817e-07 1.17458e-06 3.21294e-07 4.82675e-09 5.71692e-07 1.20285e-11 1.84566e-13 2.29776e-15 1.90722e-12 4.89622e-12 5.72472e-09 2.06577e-18 1.19933e-08 2.03916e-12 6.46425e-09 2.76676e-09 2.64309e-09 2.02791e-11 2.95361e-17 
0.0528508 1960.49 1774.93 2.26684 0.862333 2620 1.74001 1.168 1325.15 934.45 525.95 0.55 0.9 412694 0.6 3.95849e+07 1.30866e+07 0.770471 0.00109036 6.68231e-05 0.00388232 0.000195844 0.21274 0.0025712 3.67511e-07 9.92513e-07 0.00897799 2.78195e-07 1.17087e-06 3.23673e-07 4.872e-09 5.79844e-07 1.2152e-11 1.83111e-13 2.2709e-15 1.92387e-12 4.83732e-12 5.73739e-09 2.11405e-18 1.15261e-08 2.0415e-12 6.39337e-09 2.70896e-09 2.61969e-09 2.0153e-11 2.95138e-17 
0.0528996 1955.37 1774.13 2.26071 0.862333 2620 1.74043 1.168 1325.08 934.45 525.95 0.55 0.9 411960 0.6 3.84212e+07 1.23711e+07 0.770472 0.00108164 6.56429e-05 0.00381571 0.000190547 0.212871 0.00252327 3.65983e-07 9.7936e-07 0.00897649 2.81636e-07 1.16722e-06 3.26044e-07 4.91608e-09 5.87849e-07 1.22717e-11 1.81684e-13 2.24415e-15 1.94051e-12 4.78213e-12 5.75154e-09 2.16319e-18 1.10831e-08 2.04288e-12 6.32417e-09 2.65274e-09 2.59716e-09 2.00381e-11 2.94901e-17 
0.0529484 1950.36 1773.32 2.25473 0.862333 2620 1.74086 1.168 1325 934.45 525.95 0.55 0.9 411242 0.6 3.72829e+07 1.16973e+07 0.770473 0.00107309 6.44888e-05 0.00375026 0.000185415 0.212999 0.00247661 3.64354e-07 9.66318e-07 0.00897501 2.85138e-07 1.16361e-06 3.28403e-07 4.95899e-09 5.95708e-07 1.23876e-11 1.80282e-13 2.21753e-15 1.95712e-12 4.7304e-12 5.76705e-09 2.21313e-18 1.06627e-08 2.04333e-12 6.25653e-09 2.59804e-09 2.57543e-09 1.99338e-11 2.94647e-17 
0.0529973 1945.47 1772.5 2.24889 0.862333 2620 1.74129 1.168 1324.93 934.45 525.95 0.55 0.9 410539 0.6 3.61699e+07 1.10624e+07 0.770473 0.00106471 6.33605e-05 0.00368594 0.000180443 0.213124 0.00243117 3.6263e-07 9.53388e-07 0.00897358 2.88696e-07 1.16004e-06 3.30751e-07 5.00076e-09 6.0342e-07 1.24996e-11 1.78904e-13 2.19106e-15 1.97368e-12 4.68187e-12 5.78382e-09 2.26385e-18 1.02634e-08 2.04286e-12 6.19032e-09 2.54483e-09 2.55444e-09 1.98393e-11 2.94374e-17 
0.0530461 1940.69 1771.65 2.24319 0.862333 2620 1.74174 1.168 1324.85 934.45 525.95 0.55 0.9 409852 0.6 3.50819e+07 1.04641e+07 0.770474 0.00105649 6.22575e-05 0.00362277 0.000175626 0.213246 0.00238693 3.60817e-07 9.40573e-07 0.00897218 2.92307e-07 1.1565e-06 3.33085e-07 5.04139e-09 6.10983e-07 1.26078e-11 1.77547e-13 2.16474e-15 1.99015e-12 4.63632e-12 5.80174e-09 2.31531e-18 9.88412e-09 2.04151e-12 6.12546e-09 2.49307e-09 2.53414e-09 1.97539e-11 2.94079e-17 
0.0530949 1936.03 1770.8 2.23762 0.862333 2620 1.74219 1.168 1324.78 934.45 525.95 0.55 0.9 409179 0.6 3.4019e+07 9.90023e+06 0.770474 0.00104843 6.11794e-05 0.00356073 0.00017096 0.213366 0.00234384 3.58922e-07 9.27876e-07 0.00897081 2.95968e-07 1.15299e-06 3.35404e-07 5.08088e-09 6.18398e-07 1.2712e-11 1.7621e-13 2.13859e-15 2.00651e-12 4.59356e-12 5.82072e-09 2.36746e-18 9.52347e-09 2.03929e-12 6.06184e-09 2.44272e-09 2.51447e-09 1.9677e-11 2.93762e-17 
0.0531438 1931.47 1769.93 2.23218 0.862333 2620 1.74265 1.168 1324.7 934.45 525.95 0.55 0.9 408521 0.6 3.29807e+07 9.36878e+06 0.770475 0.00104054 6.01256e-05 0.00349981 0.000166439 0.213483 0.00230187 3.56948e-07 9.153e-07 0.00896948 2.99675e-07 1.1495e-06 3.37707e-07 5.11926e-09 6.25664e-07 1.28122e-11 1.74891e-13 2.11262e-15 2.02275e-12 4.55339e-12 5.84068e-09 2.42027e-18 9.18037e-09 2.03625e-12 5.9994e-09 2.39373e-09 2.49539e-09 1.96081e-11 2.93419e-17 
0.0531926 1927.02 1769.05 2.22686 0.862333 2620 1.74311 1.168 1324.62 934.45 525.95 0.55 0.9 407876 0.6 3.19669e+07 8.82282e+06 0.770475 0.0010328 5.90956e-05 0.00344002 0.000162059 0.213598 0.00226099 3.54903e-07 9.02848e-07 0.00896818 3.03425e-07 1.14603e-06 3.39993e-07 5.15653e-09 6.32781e-07 1.29086e-11 1.73589e-13 2.08684e-15 2.03884e-12 4.51566e-12 5.86154e-09 2.47369e-18 8.85378e-09 2.0324e-12 5.93807e-09 2.34607e-09 2.47687e-09 1.95466e-11 2.93051e-17 
0.0532414 1922.66 1768.16 2.22167 0.862333 2620 1.74383 1.168 1324.53 934.45 525.95 0.55 0.9 407246 0.6 3.09773e+07 8.36394e+06 0.770476 0.00102521 5.80891e-05 0.00338134 0.000157815 0.21371 0.00222116 3.5279e-07 8.90522e-07 0.00896691 3.07216e-07 1.14257e-06 3.4226e-07 5.1927e-09 6.39746e-07 1.3001e-11 1.72302e-13 2.06125e-15 2.05477e-12 4.4802e-12 5.88324e-09 2.52769e-18 8.54274e-09 2.02778e-12 5.87777e-09 2.2997e-09 2.45885e-09 1.94921e-11 2.92656e-17 
0.0533391 1914.25 1766.34 2.21162 0.862333 2620 1.7448 1.168 1324.37 934.45 525.95 0.55 0.9 406024 0.6 2.90883e+07 7.53785e+06 0.770477 0.00101047 5.61425e-05 0.00326722 0.000149718 0.213927 0.00214453 3.48366e-07 8.66227e-07 0.00896446 3.14921e-07 1.13568e-06 3.46734e-07 5.26165e-09 6.53202e-07 1.31735e-11 1.69766e-13 2.01061e-15 2.08606e-12 4.41569e-12 5.92904e-09 2.63727e-18 7.96382e-09 2.01621e-12 5.75999e-09 2.21062e-09 2.42424e-09 1.94029e-11 2.91772e-17 
0.0534367 1906.17 1764.48 2.20199 0.862333 2620 1.74554 1.168 1324.2 934.45 525.95 0.55 0.9 404848 0.6 2.7288e+07 6.7548e+06 0.770478 0.000996296 5.42806e-05 0.00315697 0.000142095 0.214135 0.00207153 3.43726e-07 8.42389e-07 0.00896211 3.22763e-07 1.12875e-06 3.51146e-07 5.32667e-09 6.66123e-07 1.33309e-11 1.67286e-13 1.96088e-15 2.11666e-12 4.35835e-12 5.97751e-09 2.7492e-18 7.43537e-09 2.00187e-12 5.64562e-09 2.12611e-09 2.39121e-09 1.93361e-11 2.90796e-17 
0.0534855 1902.24 1763.53 2.19731 0.862333 2620 1.74604 1.168 1324.11 934.45 525.95 0.55 0.9 404276 0.6 2.64113e+07 6.36322e+06 0.770479 0.000989416 5.33808e-05 0.00310327 0.000138451 0.214236 0.00203632 3.41343e-07 8.30653e-07 0.00896097 3.26727e-07 1.12526e-06 3.5333e-07 5.35783e-09 6.724e-07 1.34044e-11 1.66067e-13 1.93641e-15 2.1317e-12 4.33204e-12 6.00257e-09 2.80601e-18 7.18824e-09 1.99377e-12 5.58965e-09 2.08549e-09 2.37521e-09 1.931e-11 2.90281e-17 
0.0535344 1898.4 1762.58 2.19272 0.862333 2620 1.74654 1.168 1324.03 934.45 525.95 0.55 0.9 403715 0.6 2.55568e+07 6.02282e+06 0.770479 0.000982671 5.25013e-05 0.00305057 0.00013492 0.214335 0.00200197 3.38919e-07 8.19047e-07 0.00895985 3.30722e-07 1.12176e-06 3.55496e-07 5.38802e-09 6.78538e-07 1.34741e-11 1.64862e-13 1.9122e-15 2.14653e-12 4.30729e-12 6.02818e-09 2.86331e-18 6.95208e-09 1.98507e-12 5.53447e-09 2.04595e-09 2.35957e-09 1.92888e-11 2.89742e-17 
0.0535832 1894.63 1761.62 2.18823 0.862333 2620 1.74705 1.168 1323.94 934.45 525.95 0.55 0.9 403165 0.6 2.47241e+07 5.70047e+06 0.77048 0.000976059 5.16417e-05 0.00299886 0.000131496 0.214431 0.00196845 3.36458e-07 8.07573e-07 0.00895876 3.34744e-07 1.11825e-06 3.57642e-07 5.41724e-09 6.84536e-07 1.35401e-11 1.63668e-13 1.88824e-15 2.16113e-12 4.28399e-12 6.05429e-09 2.92102e-18 6.72622e-09 1.97579e-12 5.48004e-09 2.00744e-09 2.34425e-09 1.92721e-11 2.89179e-17 
0.053632 1890.95 1760.66 2.18384 0.862333 2620 1.74756 1.168 1323.85 934.45 525.95 0.55 0.9 402626 0.6 2.39128e+07 5.39515e+06 0.77048 0.000969576 5.08015e-05 0.00294812 0.000128176 0.214526 0.00193576 3.33963e-07 7.96232e-07 0.00895769 3.38792e-07 1.11473e-06 3.59768e-07 5.44551e-09 6.90397e-07 1.36024e-11 1.62485e-13 1.86455e-15 2.17551e-12 4.26205e-12 6.08085e-09 2.97913e-18 6.51012e-09 1.96596e-12 5.42634e-09 1.96995e-09 2.32923e-09 1.92596e-11 2.88593e-17 
0.0536809 1887.33 1759.68 2.17953 0.862333 2620 1.74808 1.168 1323.76 934.45 525.95 0.55 0.9 402097 0.6 2.31226e+07 5.10592e+06 0.770481 0.00096322 4.99804e-05 0.00289833 0.000124956 0.214619 0.00190385 3.31438e-07 7.85025e-07 0.00895664 3.42862e-07 1.1112e-06 3.61875e-07 5.47285e-09 6.96122e-07 1.36611e-11 1.61314e-13 1.84112e-15 2.18964e-12 4.2414e-12 6.10783e-09 3.0376e-18 6.30325e-09 1.95561e-12 5.37334e-09 1.93344e-09 2.3145e-09 1.92511e-11 2.87984e-17 
0.0537297 1883.79 1758.7 2.17531 0.862333 2620 1.7486 1.168 1323.67 934.45 525.95 0.55 0.9 401577 0.6 2.2353e+07 4.83194e+06 0.770481 0.000956989 4.91777e-05 0.0028495 0.000121834 0.214709 0.0018727 3.28887e-07 7.73953e-07 0.00895562 3.46952e-07 1.10766e-06 3.63961e-07 5.49927e-09 7.0171e-07 1.37162e-11 1.60153e-13 1.81796e-15 2.20354e-12 4.22196e-12 6.13518e-09 3.0964e-18 6.10513e-09 1.94475e-12 5.32103e-09 1.89787e-09 2.30004e-09 1.92464e-11 2.87352e-17 
0.0537785 1880.31 1757.71 2.17117 0.862333 2620 1.74913 1.168 1323.58 934.45 525.95 0.55 0.9 401068 0.6 2.16036e+07 4.51688e+06 0.770482 0.00095088 4.83932e-05 0.0028016 0.000118806 0.214798 0.0018423 3.26311e-07 7.63018e-07 0.00895461 3.5106e-07 1.1041e-06 3.66026e-07 5.52478e-09 7.07164e-07 1.37678e-11 1.59003e-13 1.79508e-15 2.21718e-12 4.20366e-12 6.16289e-09 3.1555e-18 5.9153e-09 1.93343e-12 5.26937e-09 1.86324e-09 2.28584e-09 1.92452e-11 2.86698e-17 
0.0538273 1876.91 1756.72 2.16711 0.862333 2620 1.74992 1.168 1323.49 934.45 525.95 0.55 0.9 400568 0.6 2.08741e+07 4.28846e+06 0.770482 0.00094489 4.76264e-05 0.00275464 0.000115869 0.214885 0.00181263 3.23714e-07 7.5222e-07 0.00895363 3.55185e-07 1.10053e-06 3.6807e-07 5.5494e-09 7.12484e-07 1.38158e-11 1.57864e-13 1.77247e-15 2.23056e-12 4.18645e-12 6.19092e-09 3.21486e-18 5.73335e-09 1.92167e-12 5.21836e-09 1.82949e-09 2.27188e-09 1.92473e-11 2.86023e-17 
0.053925 1870.3 1754.72 2.15924 0.862333 2620 1.75099 1.168 1323.3 934.45 525.95 0.55 0.9 399596 0.6 1.94871e+07 3.88835e+06 0.770483 0.000933252 4.61431e-05 0.00266339 0.000110255 0.215053 0.00175537 3.18459e-07 7.31025e-07 0.00895171 3.63483e-07 1.09334e-06 3.72095e-07 5.59593e-09 7.22711e-07 1.39014e-11 1.55612e-13 1.72804e-15 2.25653e-12 4.1551e-12 6.24793e-09 3.33427e-18 5.39152e-09 1.89683e-12 5.11815e-09 1.76457e-09 2.24465e-09 1.92611e-11 2.84602e-17 
0.0540227 1863.92 1752.7 2.15165 0.862333 2620 1.7518 1.168 1323.11 934.45 525.95 0.55 0.9 398657 0.6 1.81714e+07 3.47385e+06 0.770484 0.000922051 4.47233e-05 0.00257533 0.000104958 0.215215 0.0017006 3.13144e-07 7.10318e-07 0.00894987 3.71835e-07 1.08605e-06 3.7605e-07 5.63927e-09 7.32464e-07 1.39737e-11 1.53401e-13 1.68472e-15 2.28156e-12 4.12725e-12 6.30603e-09 3.45488e-18 5.07582e-09 1.87044e-12 5.02021e-09 1.7028e-09 2.21821e-09 1.9286e-11 2.83117e-17 
0.0540715 1860.81 1751.68 2.14794 0.862333 2620 1.75235 1.168 1323.02 934.45 525.95 0.55 0.9 398198 0.6 1.75327e+07 3.24251e+06 0.770485 0.000916612 4.40365e-05 0.00253245 0.000102421 0.215293 0.0016741 3.10474e-07 7.00152e-07 0.00894897 3.76026e-07 1.08236e-06 3.78005e-07 5.65985e-09 7.37178e-07 1.40054e-11 1.52313e-13 1.6635e-15 2.29373e-12 4.1145e-12 6.33541e-09 3.51562e-18 4.92693e-09 1.85675e-12 4.97209e-09 1.67305e-09 2.20526e-09 1.93021e-11 2.82357e-17 
0.0541203 1857.75 1750.66 2.14431 0.862333 2620 1.75289 1.168 1322.92 934.45 525.95 0.55 0.9 397748 0.6 1.69114e+07 3.05854e+06 0.770485 0.000911277 4.33648e-05 0.00249039 9.99584e-05 0.21537 0.0016482 3.07797e-07 6.90119e-07 0.00894809 3.80228e-07 1.07865e-06 3.79941e-07 5.67966e-09 7.41775e-07 1.40339e-11 1.51235e-13 1.64257e-15 2.30565e-12 4.10252e-12 6.365e-09 3.57658e-18 4.78384e-09 1.84275e-12 4.92454e-09 1.64405e-09 2.19249e-09 1.93207e-11 2.81582e-17 
0.0541691 1854.75 1749.63 2.14073 0.862333 2620 1.75344 1.168 1322.83 934.45 525.95 0.55 0.9 397305 0.6 1.63072e+07 2.88324e+06 0.770486 0.000906046 4.27079e-05 0.00244911 9.75676e-05 0.215445 0.00162289 3.05117e-07 6.80219e-07 0.00894722 3.84439e-07 1.07492e-06 3.81859e-07 5.69872e-09 7.46254e-07 1.40593e-11 1.50167e-13 1.62194e-15 2.31731e-12 4.09127e-12 6.39479e-09 3.6377e-18 4.64624e-09 1.82846e-12 4.87755e-09 1.61577e-09 2.1799e-09 1.93415e-11 2.80793e-17 
0.054218 1851.8 1748.6 2.13723 0.862333 2620 1.75399 1.168 1322.73 934.45 525.95 0.55 0.9 396869 0.6 1.57196e+07 2.71618e+06 0.770486 0.000900916 4.20655e-05 0.00240862 9.5246e-05 0.215519 0.00159814 3.02434e-07 6.70453e-07 0.00894637 3.88657e-07 1.07117e-06 3.83758e-07 5.71704e-09 7.50619e-07 1.40818e-11 1.4911e-13 1.60158e-15 2.32873e-12 4.08072e-12 6.42474e-09 3.69897e-18 4.51387e-09 1.81392e-12 4.83111e-09 1.58819e-09 2.16747e-09 1.93645e-11 2.7999e-17 
0.0542668 1848.9 1747.57 2.13378 0.862333 2620 1.75455 1.168 1322.63 934.45 525.95 0.55 0.9 396441 0.6 1.51482e+07 2.55692e+06 0.770487 0.000895884 4.14371e-05 0.0023689 9.29916e-05 0.215591 0.00157393 2.99751e-07 6.60819e-07 0.00894553 3.9288e-07 1.0674e-06 3.85639e-07 5.73463e-09 7.54871e-07 1.41014e-11 1.48063e-13 1.58152e-15 2.33988e-12 4.07081e-12 6.45483e-09 3.76035e-18 4.38648e-09 1.79913e-12 4.78521e-09 1.56129e-09 2.1552e-09 1.93895e-11 2.79176e-17 
0.0543156 1846.05 1746.53 2.13039 0.862333 2620 1.7551 1.168 1322.54 934.45 525.95 0.55 0.9 396020 0.6 1.45927e+07 2.40507e+06 0.770487 0.00089095 4.08226e-05 0.00232993 9.08022e-05 0.215662 0.00155027 2.9707e-07 6.51319e-07 0.00894471 3.97108e-07 1.06362e-06 3.87502e-07 5.75153e-09 7.59012e-07 1.41181e-11 1.47026e-13 1.56175e-15 2.35078e-12 4.06153e-12 6.48505e-09 3.82184e-18 4.26385e-09 1.78412e-12 4.73984e-09 1.53506e-09 2.14308e-09 1.94163e-11 2.7835e-17 
0.0543645 1843.25 1745.49 2.12706 0.862333 2620 1.75566 1.168 1322.44 934.45 525.95 0.55 0.9 395606 0.6 1.40526e+07 2.26031e+06 0.770488 0.00088611 4.02214e-05 0.00229171 8.86758e-05 0.215731 0.00152712 2.94392e-07 6.41951e-07 0.00894391 4.01339e-07 1.05981e-06 3.89346e-07 5.76773e-09 7.63044e-07 1.41321e-11 1.46e-13 1.54227e-15 2.36143e-12 4.05283e-12 6.51538e-09 3.88339e-18 4.14576e-09 1.76892e-12 4.69501e-09 1.50947e-09 2.13111e-09 1.9445e-11 2.77513e-17 
0.0544133 1840.5 1744.45 2.12379 0.862333 2620 1.75622 1.168 1322.34 934.45 525.95 0.55 0.9 395198 0.6 1.35277e+07 2.12232e+06 0.770488 0.000881363 3.96334e-05 0.00225423 8.66104e-05 0.215799 0.00150448 2.91719e-07 6.32717e-07 0.00894311 4.05571e-07 1.05599e-06 3.91173e-07 5.78326e-09 7.6697e-07 1.41434e-11 1.44984e-13 1.52307e-15 2.37183e-12 4.04469e-12 6.5458e-09 3.94501e-18 4.03201e-09 1.75353e-12 4.6507e-09 1.4845e-09 2.11928e-09 1.94754e-11 2.76666e-17 
0.0544621 1837.79 1743.41 2.12057 0.862333 2620 1.75678 1.168 1322.25 934.45 525.95 0.55 0.9 394797 0.6 1.30174e+07 1.99084e+06 0.770488 0.000876707 3.90583e-05 0.00221746 8.46043e-05 0.215865 0.00148234 2.89053e-07 6.23616e-07 0.00894233 4.09804e-07 1.05216e-06 3.92981e-07 5.79814e-09 7.7079e-07 1.4152e-11 1.43978e-13 1.50417e-15 2.38197e-12 4.03708e-12 6.5763e-09 4.00664e-18 3.9224e-09 1.73799e-12 4.60691e-09 1.46015e-09 2.10759e-09 1.95074e-11 2.7581e-17 
0.0545109 1835.13 1742.36 2.11741 0.862333 2620 1.75735 1.168 1322.15 934.45 525.95 0.55 0.9 394403 0.6 1.25215e+07 1.86565e+06 0.770489 0.000872141 3.84958e-05 0.00218142 8.26557e-05 0.215931 0.00146068 2.86396e-07 6.14648e-07 0.00894157 4.14035e-07 1.04831e-06 3.94772e-07 5.81238e-09 7.74508e-07 1.41582e-11 1.42982e-13 1.48555e-15 2.39186e-12 4.02997e-12 6.60684e-09 4.06828e-18 3.81675e-09 1.72231e-12 4.56365e-09 1.43638e-09 2.09603e-09 1.9541e-11 2.74946e-17 
0.0545598 1832.51 1741.31 2.1143 0.862333 2620 1.75791 1.168 1322.05 934.45 525.95 0.55 0.9 394015 0.6 1.20396e+07 1.68398e+06 0.770489 0.000867662 3.79455e-05 0.00214608 8.07629e-05 0.215994 0.00143949 2.8375e-07 6.05815e-07 0.00894082 4.18264e-07 1.04445e-06 3.96545e-07 5.826e-09 7.78125e-07 1.41619e-11 1.41997e-13 1.46721e-15 2.40149e-12 4.02335e-12 6.63743e-09 4.12989e-18 3.71491e-09 1.70651e-12 4.52089e-09 1.4132e-09 2.0846e-09 1.95759e-11 2.74074e-17 
0.0546086 1829.93 1740.26 2.11124 0.862333 2620 1.75876 1.168 1321.95 934.45 525.95 0.55 0.9 393633 0.6 1.15715e+07 1.5912e+06 0.77049 0.000863269 3.74072e-05 0.00211145 7.89245e-05 0.216057 0.00141877 2.81114e-07 5.97118e-07 0.00894008 4.22489e-07 1.04057e-06 3.983e-07 5.839e-09 7.81641e-07 1.41632e-11 1.41023e-13 1.44916e-15 2.41087e-12 4.01718e-12 6.66804e-09 4.19144e-18 3.6167e-09 1.69061e-12 4.47865e-09 1.39058e-09 2.07329e-09 1.96123e-11 2.73194e-17 
0.0547062 1824.91 1738.15 2.10528 0.862333 2620 1.7599 1.168 1321.75 934.45 525.95 0.55 0.9 392888 0.6 1.06839e+07 1.41544e+06 0.770491 0.00085473 3.63653e-05 0.00204425 7.54038e-05 0.216178 0.00137866 2.7588e-07 5.80122e-07 0.00893864 4.3093e-07 1.03281e-06 4.01756e-07 5.86316e-09 7.88369e-07 1.41588e-11 1.39102e-13 1.41388e-15 2.42886e-12 4.00615e-12 6.72932e-09 4.31426e-18 3.43062e-09 1.65856e-12 4.39566e-09 1.34696e-09 2.05104e-09 1.96888e-11 2.7141e-17 
0.0548039 1820.04 1736.04 2.09949 0.862333 2620 1.76105 1.168 1321.55 934.45 525.95 0.55 0.9 392165 0.6 9.84507e+06 1.21668e+06 0.770491 0.000846507 3.53668e-05 0.00197955 7.2074e-05 0.216294 0.00134019 2.70698e-07 5.63618e-07 0.00893724 4.39351e-07 1.02498e-06 4.05149e-07 5.88514e-09 7.94741e-07 1.41456e-11 1.37222e-13 1.37969e-15 2.44591e-12 3.99666e-12 6.79062e-09 4.43689e-18 3.25699e-09 1.62623e-12 4.31457e-09 1.30534e-09 2.02922e-09 1.977e-11 2.69608e-17 
0.0549016 1815.31 1733.92 2.09388 0.862333 2620 1.76219 1.168 1321.35 934.45 525.95 0.55 0.9 391463 0.6 9.05253e+06 1.03523e+06 0.770492 0.000838586 3.44097e-05 0.00191726 6.89243e-05 0.216406 0.00130328 2.65578e-07 5.47602e-07 0.00893589 4.4775e-07 1.0171e-06 4.08484e-07 5.90505e-09 8.00773e-07 1.41244e-11 1.35383e-13 1.34656e-15 2.46204e-12 3.98857e-12 6.85187e-09 4.55923e-18 3.09483e-09 1.59374e-12 4.23535e-09 1.26564e-09 2.0078e-09 1.98553e-11 2.67793e-17 
0.0549992 1810.72 1731.8 2.08844 0.862333 2620 1.76335 1.168 1321.15 934.45 525.95 0.55 0.9 390780 0.6 8.30389e+06 805511 0.770493 0.000830958 3.34923e-05 0.00185733 6.59449e-05 0.216513 0.00126786 2.60529e-07 5.32074e-07 0.00893458 4.56121e-07 1.00919e-06 4.11761e-07 5.92301e-09 8.0648e-07 1.40957e-11 1.33584e-13 1.31449e-15 2.47726e-12 3.98175e-12 6.91298e-09 4.68112e-18 2.94325e-09 1.56121e-12 4.15801e-09 1.22774e-09 1.98677e-09 1.99445e-11 2.6597e-17 
0.0550969 1806.26 1729.67 2.08315 0.862333 2620 1.76508 1.168 1320.94 934.45 525.95 0.55 0.9 390117 0.6 7.59724e+06 676931 0.770494 0.000823611 3.26131e-05 0.00179971 6.31267e-05 0.216617 0.00123387 2.55558e-07 5.17037e-07 0.00893332 4.64456e-07 1.00125e-06 4.14979e-07 5.93914e-09 8.11877e-07 1.406e-11 1.31826e-13 1.28346e-15 2.4916e-12 3.97608e-12 6.97382e-09 4.80237e-18 2.80146e-09 1.52876e-12 4.08251e-09 1.19157e-09 1.96611e-09 2.0037e-11 2.64142e-17 
0.0552922 1797.73 1725.41 2.07304 0.862333 2620 1.76741 1.168 1320.54 934.45 525.95 0.55 0.9 388848 0.6 6.32457e+06 446757 0.770495 0.000809716 3.09624e-05 0.00169135 5.79422e-05 0.216811 0.00117001 2.45872e-07 4.88438e-07 0.0089309 4.81006e-07 9.85403e-07 4.21234e-07 5.96608e-09 8.21752e-07 1.39701e-11 1.28428e-13 1.2244e-15 2.51759e-12 3.96792e-12 7.09449e-09 5.042e-18 2.54462e-09 1.46447e-12 3.93701e-09 1.12408e-09 1.92589e-09 2.02307e-11 2.60472e-17 
0.0554875 1789.62 1721.15 2.06344 0.862333 2620 1.76974 1.168 1320.13 934.45 525.95 0.55 0.9 387640 0.6 5.18559e+06 215664 0.770496 0.000796779 2.94371e-05 0.00159051 5.32679e-05 0.216991 0.00111077 2.36499e-07 4.61501e-07 0.00892862 4.97422e-07 9.69413e-07 4.27315e-07 5.98702e-09 8.30615e-07 1.38574e-11 1.25179e-13 1.169e-15 2.5405e-12 3.96323e-12 7.21406e-09 5.27932e-18 2.31751e-09 1.40093e-12 3.798e-09 1.06218e-09 1.88683e-09 2.04351e-11 2.56824e-17 
0.0556828 1781.88 1716.89 2.05429 0.862333 2620 1.77209 1.168 1319.71 934.45 525.95 0.55 0.9 386488 0.6 4.16662e+06 -43501.4 0.770498 0.000784734 2.80267e-05 0.00149677 4.90509e-05 0.217158 0.00105578 2.2747e-07 4.36178e-07 0.00892647 5.13693e-07 9.53356e-07 4.33235e-07 6.00274e-09 8.38584e-07 1.37256e-11 1.22078e-13 1.11711e-15 2.56052e-12 3.96149e-12 7.33213e-09 5.51369e-18 2.11613e-09 1.33868e-12 3.66535e-09 1.00534e-09 1.84887e-09 2.06484e-11 2.53222e-17 
0.0558781 1774.5 1712.64 2.04556 0.862333 2620 1.7756 1.168 1319.3 934.45 525.95 0.55 0.9 385388 0.6 3.25643e+06 -268268 0.770499 0.000773519 2.67232e-05 0.00140983 4.52478e-05 0.217313 0.00100474 2.1882e-07 4.12456e-07 0.00892443 5.29792e-07 9.37336e-07 4.39003e-07 6.01406e-09 8.45776e-07 1.35793e-11 1.19126e-13 1.0686e-15 2.5778e-12 3.96221e-12 7.44791e-09 5.74413e-18 1.93722e-09 1.27826e-12 3.53901e-09 9.53135e-10 1.81195e-09 2.08689e-11 2.49689e-17 
0.0562688 1760.75 1704.16 2.02934 0.862333 2620 1.78264 1.168 1318.47 934.45 525.95 0.55 0.9 383342 0.6 1.77109e+06 -433163 0.770501 0.000753389 2.4414e-05 0.00125619 3.87568e-05 0.217588 0.00091384 2.02826e-07 3.69951e-07 0.00892071 5.61319e-07 9.06066e-07 4.50066e-07 6.02661e-09 8.58239e-07 1.32617e-11 1.13682e-13 9.8148e-16 2.60469e-12 3.96949e-12 7.66896e-09 6.18745e-18 1.63715e-09 1.16528e-12 3.30576e-09 8.6146e-10 1.74135e-09 2.13232e-11 2.42908e-17 
0.05705 1736.32 1687.39 2.00055 0.862333 2620 1.79202 1.168 1316.8 934.45 525.95 0.55 0.9 379705 0.6 -271790 -672670 0.770505 0.000720562 2.07261e-05 0.00101196 2.90743e-05 0.218029 0.000766704 1.7557e-07 3.0099e-07 0.00891439 6.22083e-07 8.46606e-07 4.70963e-07 6.02805e-09 8.78488e-07 1.25856e-11 1.04415e-13 8.39975e-16 2.63477e-12 4.00031e-12 8.0661e-09 7.00862e-18 1.20137e-09 9.70258e-13 2.9059e-09 7.171e-10 1.61074e-09 2.22734e-11 2.30715e-17 
0.0578313 1714.26 1670.93 1.97466 0.862333 2620 1.80134 1.168 1315.13 934.45 525.95 0.55 0.9 376429 0.6 -1.62964e+06 -889445 0.770508 0.000694487 1.77991e-05 0.000819302 2.20493e-05 0.218378 0.000648155 1.52022e-07 2.45177e-07 0.008909 6.81686e-07 7.87605e-07 4.91204e-07 5.99686e-09 8.9305e-07 1.18179e-11 9.63866e-14 7.2517e-16 2.63836e-12 4.05038e-12 8.4332e-09 7.76667e-18 8.96831e-10 8.00321e-13 2.5617e-09 6.04646e-10 1.48765e-09 2.33158e-11 2.19329e-17 
0.0586125 1694.01 1654.87 1.95094 0.862333 2620 1.81507 1.168 1313.46 934.45 525.95 0.55 0.9 373426 0.6 -2.5348e+06 -942214 0.77051 0.000673663 1.54362e-05 0.000666704 1.68764e-05 0.218658 0.000551334 1.31789e-07 2.0003e-07 0.00890438 7.40392e-07 7.30128e-07 5.11101e-07 5.94387e-09 9.03644e-07 1.10126e-11 8.93616e-14 6.31039e-16 2.6198e-12 4.11568e-12 8.76528e-09 8.4455e-18 6.78798e-10 6.55674e-13 2.26447e-09 5.15351e-10 1.37108e-09 2.44457e-11 2.08686e-17 
0.060175 1657.86 1623.92 1.90877 0.862333 2620 1.83315 1.168 1310.15 934.45 525.95 0.55 0.9 368079 0.6 -3.35378e+06 -891924 0.770514 0.000644382 1.20524e-05 0.000460074 1.03791e-05 0.219049 0.000410269 1.0177e-07 1.37736e-07 0.00889713 8.55142e-07 6.2959e-07 5.50806e-07 5.85035e-09 9.25653e-07 9.61939e-12 7.84729e-14 4.96532e-16 2.54447e-12 4.27667e-12 9.24908e-09 9.5251e-18 4.09461e-10 4.48841e-13 1.80577e-09 3.89595e-10 1.16244e-09 2.69023e-11 1.91207e-17 
0.0617375 1624.89 1594.47 1.87043 0.862333 2620 1.85082 1.168 1306.89 934.45 525.95 0.55 0.9 363198 0.6 -3.60198e+06 -928700 0.770516 0.000624365 9.54117e-06 0.000320879 6.41849e-06 0.219321 0.000306774 7.80937e-08 9.43933e-08 0.00889142 9.69576e-07 5.36676e-07 5.91317e-07 5.70465e-09 9.38158e-07 8.22435e-12 6.89688e-14 3.93781e-16 2.40888e-12 4.48789e-12 9.58344e-09 1.01713e-17 2.51032e-10 2.97927e-13 1.4386e-09 2.99012e-10 9.69065e-10 2.98017e-11 1.73819e-17 
0.0633 1594.36 1566.53 1.83502 0.862333 2620 1.87209 1.168 1303.68 934.45 525.95 0.55 0.9 358667 0.6 -3.63519e+06 -890948 0.770519 0.000610638 7.607e-06 0.000226825 3.96353e-06 0.219513 0.000229534 5.93235e-08 6.43826e-08 0.00888688 1.08334e-06 4.53041e-07 6.32724e-07 5.51092e-09 9.40979e-07 6.89446e-12 6.03291e-14 3.12265e-16 2.22587e-12 4.74624e-12 9.75765e-09 1.02952e-17 1.55106e-10 1.91505e-13 1.14133e-09 2.3134e-10 7.92081e-10 3.31868e-11 1.56071e-17 
0.0656313 1552.67 1527.47 1.78679 0.862333 2620 1.89686 1.168 1298.99 934.45 525.95 0.55 0.9 352453 0.6 -3.46435e+06 -785135 0.770521 0.000598143 5.52636e-06 0.000144275 1.96648e-06 0.219693 0.000150529 3.94618e-08 3.75968e-08 0.00888194 1.25089e-06 3.52373e-07 6.96613e-07 5.20138e-09 9.38046e-07 5.2729e-12 4.9285e-14 2.23112e-16 1.92182e-12 5.20767e-12 9.68035e-09 9.6239e-18 7.75243e-11 9.74272e-14 8.1078e-10 1.60944e-10 5.69358e-10 3.91587e-11 1.31029e-17 
0.0679625 1514.29 1491.17 1.74246 0.862333 2620 1.93208 1.168 1294.43 934.45 525.95 0.55 0.9 346683 0.6 -3.26036e+06 -618017 0.770522 0.000590788 3.96474e-06 9.65133e-05 9.4126e-07 0.219807 9.69977e-05 2.50573e-08 2.19343e-08 0.0088784 1.41183e-06 2.70455e-07 7.62046e-07 4.7791e-09 9.08279e-07 3.86465e-12 3.89677e-14 1.53751e-16 1.60338e-12 5.7691e-12 9.32419e-09 8.06024e-18 3.80695e-11 4.56226e-14 5.60889e-10 1.1068e-10 3.88559e-10 4.65154e-11 1.05313e-17 
0.072625 1445.79 1425.11 1.66349 0.862333 2620 1.96708 1.168 1285.58 934.45 525.95 0.55 0.9 336253 0.6 -2.47061e+06 -470908 0.770524 0.000584752 2.07194e-06 5.92603e-05 2.22492e-07 0.219911 4.06899e-05 9.96917e-09 9.2976e-09 0.00887464 1.70466e-06 1.71201e-07 9.01001e-07 3.95254e-09 8.31817e-07 2.18429e-12 2.34745e-14 7.18053e-17 1.19898e-12 7.18375e-12 8.09209e-09 4.7137e-18 9.45299e-12 1.01858e-14 2.65934e-10 5.32856e-11 1.68111e-10 6.61386e-11 6.43931e-18 
0.0749563 1413.9 1394.62 1.62675 0.862333 2620 1.98999 1.168 1281.24 934.45 525.95 0.55 0.9 331322 0.6 -1.88364e+06 -15807.7 0.770524 0.000583265 1.3516e-06 4.9035e-05 8.9606e-08 0.219941 2.37163e-05 5.12463e-09 5.69142e-09 0.00887347 1.82205e-06 1.3278e-07 9.67307e-07 3.2557e-09 7.18441e-07 1.44037e-12 1.59914e-14 4.11033e-17 1.13353e-12 8.14829e-12 7.48855e-09 2.99256e-18 4.10137e-12 3.84193e-15 1.62229e-10 3.33544e-11 9.79491e-11 8.02376e-11 4.38407e-18 
0.0772875 1382.15 1364.52 1.59451 0.86 2620 1.71932 1.15014 1276.79 986.375 683 0.55 0.9 357215 0.6 -1.58782e+06 -1.26177e+06 0.770525 0.0005825 8.42632e-07 4.34593e-05 3.39636e-08 0.219959 1.31328e-05 2.42345e-09 3.52789e-09 0.00887276 1.91327e-06 1.06847e-07 1.03559e-06 2.58204e-09 5.98876e-07 9.51354e-13 1.01637e-14 2.1935e-17 1.25962e-12 9.43065e-12 6.9608e-09 1.78599e-18 1.66617e-12 1.45426e-15 9.33922e-11 1.99143e-11 5.40911e-11 9.96321e-11 2.78692e-18 
0.0796187 1351.08 1333.67 1.55865 0.86 2620 1.74026 1.15014 1272.06 986.375 683 0.55 0.9 351853 0.6 -1.27356e+06 -237266 0.770525 0.000582134 4.98608e-07 4.04807e-05 1.23392e-08 0.219969 6.87705e-06 1.04086e-09 2.16815e-09 0.00887235 1.97892e-06 9.08161e-08 1.10067e-06 1.95324e-09 4.77062e-07 6.34003e-13 5.93656e-15 1.09596e-17 1.63989e-12 1.12106e-11 6.5648e-09 1.02005e-18 6.34025e-13 6.00898e-16 5.0331e-11 1.12704e-11 2.84697e-11 1.27295e-10 1.64073e-18 
0.08195 1320.94 1303.94 1.52387 0.86 2620 1.77205 1.15014 1267.32 986.375 683 0.55 0.9 346600 0.6 -1.06851e+06 -12197.5 0.770525 0.000581971 2.78501e-07 3.89313e-05 4.456e-09 0.219975 3.3917e-06 4.0295e-10 1.30083e-09 0.00887214 2.02224e-06 8.25901e-08 1.1552e-06 1.39957e-09 3.60524e-07 4.28561e-13 3.14051e-15 5.28138e-18 2.37546e-12 1.37595e-11 6.31492e-09 5.73761e-19 2.26391e-13 3.00966e-16 2.5175e-11 6.01544e-12 1.43985e-11 1.68032e-10 8.98795e-19 
0.0866125 1262.42 1245.65 1.45636 0.86 2620 1.81831 1.15014 1257.52 986.375 683 0.55 0.9 336244 0.6 -575023 435434 0.770525 0.000581895 9.17972e-08 3.79732e-05 8.88319e-10 0.219979 8.63107e-07 7.2493e-11 5.31667e-10 0.00887196 2.06484e-06 8.45112e-08 1.26165e-06 7.7065e-10 2.21956e-07 2.62144e-13 8.94283e-16 2.02712e-18 5.28907e-12 2.19802e-11 6.19723e-09 3.09597e-19 3.09214e-14 1.55726e-16 6.48712e-12 1.80248e-12 4.4554e-12 3.11463e-10 3.44241e-19 
0.091275 1201.45 1183.64 1.38602 0.86 2620 1.85821 1.15014 1246.29 986.375 683 0.55 0.9 325226 0.6 48000.1 1.04103e+06 0.770525 0.000581886 2.57037e-08 3.7691e-05 2.03735e-10 0.21998 1.79673e-07 1.25817e-11 2.15579e-10 0.00887189 2.08449e-06 1.02456e-07 1.32991e-06 4.04303e-10 1.28691e-07 1.7642e-13 2.31149e-16 1.61154e-18 1.0176e-11 3.47916e-11 6.25704e-09 3.84219e-19 3.25702e-15 1.10632e-16 1.30095e-12 4.51928e-13 1.72504e-12 5.8333e-10 2.63666e-19 
0.0936063 1168.3 1148.73 1.34777 0.86 2620 1.89028 1.15014 1239.58 986.375 683 0.55 0.9 319136 0.6 498947 1.53813e+06 0.770525 0.000581887 1.09837e-08 3.7621e-05 8.33789e-11 0.21998 6.44723e-08 4.65665e-12 1.29602e-10 0.00887189 2.09074e-06 1.16838e-07 1.32606e-06 2.72293e-10 8.67149e-08 1.28683e-13 1.06677e-16 1.75299e-18 1.27733e-11 4.11346e-11 6.29879e-09 5.47381e-19 7.8878e-16 9.48947e-17 4.41184e-13 1.80913e-13 1.17091e-12 7.6098e-10 3.41033e-19 
0.0959375 1131.84 1109.99 1.30571 0.86 2620 1.92763 1.15014 1231.8 986.375 683 0.55 0.9 312356 0.6 1.54176e+06 1.65604e+06 0.770525 0.000581887 4.57437e-09 3.75821e-05 3.36432e-11 0.21998 2.19402e-08 2.34799e-12 8.2735e-11 0.0088719 2.09488e-06 1.33444e-07 1.31557e-06 2.1988e-10 6.11398e-08 9.82672e-14 6.0656e-17 2.28675e-18 1.50876e-11 4.62267e-11 6.33913e-09 9.32407e-19 1.71461e-16 8.15049e-17 1.39514e-13 6.97852e-14 9.22651e-13 9.5941e-10 5.34274e-19 
0.0982687 1091.86 1067.34 1.25959 0.86 2620 1.95814 1.15014 1222.81 986.375 683 0.55 0.9 304821 0.6 4.87636e+06 -443953 0.770525 0.000581886 1.85144e-09 3.75577e-05 1.29843e-11 0.21998 7.02879e-09 1.59754e-12 5.51309e-11 0.0088719 2.0976e-06 1.49913e-07 1.30742e-06 2.41664e-10 4.65645e-08 7.82337e-14 4.2173e-17 3.27309e-18 1.68701e-11 4.9502e-11 6.3725e-09 1.68849e-18 3.25816e-17 6.87179e-17 4.09547e-14 2.58087e-14 7.79477e-13 1.17591e-09 8.67188e-19 
0.0994344 1071.91 1046.8 1.23658 0.86 2620 1.97663 1.15014 1218.32 986.375 683 0.55 0.9 301022 0.6 1.0492e+07 -5.73172e+06 0.770525 0.000581886 1.11835e-09 3.75479e-05 7.59729e-12 0.21998 3.76089e-09 1.3922e-12 4.53151e-11 0.0088719 2.09868e-06 1.57778e-07 1.30213e-06 2.77508e-10 4.07229e-08 6.70844e-14 3.64488e-17 3.91006e-18 1.76124e-11 5.04887e-11 6.38692e-09 2.18591e-18 1.32159e-17 6.28356e-17 2.08599e-14 1.48729e-14 7.20263e-13 1.28751e-09 1.09031e-18 
0.1006 1054.74 1030.4 1.21676 0.86 2620 1.98704 1.15014 1214.65 986.375 683 0.55 0.9 297730 0.6 2.30306e+07 -1.84229e+07 0.770525 0.000581886 7.42788e-10 3.75402e-05 4.86417e-12 0.21998 2.24626e-09 1.27765e-12 3.87133e-11 0.00887191 2.09951e-06 1.6457e-07 1.29751e-06 3.30763e-10 3.68315e-08 6.06664e-14 3.28327e-17 4.59267e-18 1.8189e-11 5.11591e-11 6.39837e-09 2.74651e-18 6.16069e-18 5.81189e-17 1.18991e-14 9.47534e-15 6.77223e-13 1.39001e-09 1.32141e-18 
0.1016 1054.74 1026.44 1.21676 0.86 2620 1.98908 1.15014 1213.76 986.375 683 0.55 0.9 297730 0.6 4.68069e+07 6.2058e-05 0.770525 0.000581886 7.42788e-10 3.75402e-05 4.86417e-12 0.21998 2.24626e-09 1.27765e-12 3.87133e-11 0.00887191 2.09951e-06 1.6457e-07 1.29751e-06 3.30763e-10 3.68315e-08 6.06664e-14 3.28327e-17 4.59267e-18 1.8189e-11 5.11591e-11 6.39837e-09 2.74651e-18 6.16069e-18 5.81189e-17 1.18991e-14 9.47534e-15 6.77223e-13 1.39001e-09 1.32141e-18 
