#x Tg Ts u porosity solidDensity effectiveSolidHeatConductivity tortuosity_factor solidHeatCapacity specificArea extinctionCoefficient scatteringAlbedo emissivity hv insulationTransmissivity divq divSolidHeatConduction N2 H2 H O2 O H2O OH H2O2 HO2 NO N2O NO2 HNO HNO2 HONO HONO2 N2H2 H2NN NH2OH HNOH NH3 N2H4 N NO3 NH NNH NH2 H2NO N2H3 
0 300 300 0.374934 0.824933 4320 0.378806 1.343 574.643 1591.82 1340.4 0.55 0.9 314031 0.6 -12.7497 -31441.2 0.658284 -2.71061e-22 2.06525e-19 0.199873 -1.2079e-18 -1.62865e-22 -3.11536e-21 -1.62231e-18 1.28197e-20 3.31904e-21 1.31715e-18 2.87634e-24 4.79815e-23 -1.14391e-21 1.25721e-18 4.53765e-22 3.71991e-18 1.07851e-21 1.39841e-19 -7.7021e-23 0.141843 1.32137e-18 7.62346e-19 -8.03228e-25 8.46437e-30 5.10259e-36 -2.58481e-22 2.64811e-18 -5.96865e-18 
0.01915 300.042 300.044 0.374986 0.824933 4320 0.378744 1.343 574.696 1591.82 1340.4 0.55 0.9 314055 0.6 -210.54 -587.072 0.658284 8.95535e-18 1.08823e-24 0.199873 -3.25298e-19 -7.19209e-20 -1.55681e-24 -1.11447e-18 5.88383e-18 1.54698e-18 1.31715e-18 1.58598e-21 3.72595e-23 -1.14391e-21 1.25721e-18 4.53765e-22 3.71991e-18 4.46834e-23 1.39841e-19 -7.70209e-23 0.141843 1.32137e-18 4.25381e-20 -8.02855e-25 2.34989e-27 2.35946e-33 -1.24353e-19 2.64811e-18 -5.96866e-18 
0.028725 300.253 300.28 0.375251 0.824933 4320 0.378528 1.343 574.979 1591.82 1340.4 0.55 0.9 314176 0.6 -1327.59 -6912.15 0.658284 4.23781e-16 1.16818e-29 0.199873 -2.57463e-19 -9.93431e-20 -1.19093e-24 -8.76431e-19 5.42191e-18 1.62867e-18 1.31715e-18 1.64811e-21 3.19079e-23 -1.14391e-21 1.25721e-18 4.53765e-22 3.71991e-18 3.54796e-24 1.39841e-19 -7.70202e-23 0.141843 1.32137e-18 4.48276e-21 -8.02662e-25 3.15161e-27 -2.91925e-35 -1.72926e-19 2.64811e-18 -5.96866e-18 
0.0335125 300.872 301.025 0.376023 0.824933 4320 0.378065 1.343 575.872 1591.82 1340.4 0.55 0.9 314531 0.6 -5064.81 -43389.8 0.658284 1.01185e-14 -2.4094e-32 0.199873 -2.41422e-19 -1.07978e-19 -1.15771e-24 -7.66043e-19 5.2077e-18 1.6365e-18 1.31715e-18 1.65263e-21 2.9259e-23 -1.14391e-21 1.25721e-18 4.53765e-22 3.71992e-18 5.03646e-25 1.39841e-19 -7.69626e-23 0.141843 1.32137e-18 8.44841e-22 -8.02563e-25 3.79047e-27 -2.81598e-35 -1.81851e-19 2.64812e-18 -5.96866e-18 
0.0359063 301.884 302.385 0.377289 0.824933 4320 0.376991 1.343 577.492 1591.82 1340.4 0.55 0.9 315113 0.6 -13634.8 -144884 0.658284 1.25526e-13 -2.50453e-32 0.199873 -2.34611e-19 8.25584e-20 -1.18998e-24 -7.14104e-19 5.10779e-18 1.63809e-18 1.31715e-18 1.67289e-21 2.95185e-23 -1.14391e-21 1.25721e-18 4.53765e-22 3.72005e-18 1.08267e-25 1.39842e-19 -7.44381e-23 0.141843 1.32142e-18 2.63213e-22 -8.02505e-25 3.87475e-27 -2.75689e-35 2.09181e-19 2.64845e-18 -5.96866e-18 
0.0383 304.606 305.95 0.380691 0.824933 4320 0.375036 1.343 581.692 1591.82 1340.4 0.55 0.9 316677 0.6 -41233.7 -387921 0.658284 1.98224e-12 5.88003e-33 0.199873 -2.27397e-19 1.09832e-17 -1.33265e-24 -6.65724e-19 5.06463e-18 1.65835e-18 1.31751e-18 3.04463e-21 1.21757e-22 -1.14362e-21 1.25722e-18 4.53765e-22 3.72813e-18 -1.31131e-26 1.39905e-19 7.30214e-23 0.141843 1.32477e-18 7.72798e-23 -8.01895e-25 -1.62813e-28 -2.5477e-35 1.47868e-17 2.66734e-18 -5.96859e-18 
0.0398625 308.54 311.487 0.385608 0.824933 4320 0.371549 1.343 588.07 1591.82 1340.4 0.55 0.9 318938 0.6 -104660 -848930 0.658284 1.8151e-11 1.56287e-30 0.199873 -2.20829e-19 3.33204e-16 -1.58002e-24 -5.93046e-19 6.48625e-18 2.27822e-18 1.33194e-18 5.35657e-20 3.02931e-21 -1.13293e-21 1.25777e-18 4.53778e-22 3.981e-18 -2.02834e-24 1.41885e-19 4.68601e-21 0.141843 1.46617e-18 2.78583e-23 -7.78807e-25 -5.43176e-26 1.33475e-35 2.98209e-16 3.25832e-18 -5.96602e-18 
0.041425 316.658 322.654 0.395753 0.824933 4320 0.364841 1.343 600.424 1591.82 1340.4 0.55 0.9 323604 0.6 -291768 -1.69564e+06 0.658284 1.88462e-10 9.64727e-29 0.199873 -1.88669e-19 1.16261e-14 -2.0379e-24 1.0977e-18 6.05138e-17 2.53033e-17 2.0365e-18 2.26366e-18 1.10552e-19 -6.63778e-22 1.28167e-18 4.54398e-22 1.3405e-17 -2.15503e-22 2.16111e-19 1.76423e-19 0.141843 8.53011e-18 8.42407e-24 3.60849e-25 3.55283e-24 7.0679e-33 6.87601e-15 2.526e-17 -5.85018e-18 
0.0429875 333.37 345.373 0.416639 0.824933 4320 0.352561 1.343 623.553 1591.82 1340.4 0.55 0.9 333215 0.6 -843355 -3.23747e+06 0.658284 1.91304e-09 4.30104e-26 0.199873 3.88723e-19 3.87868e-13 4.91795e-24 6.00284e-17 1.95839e-15 8.44448e-16 3.48558e-17 9.46216e-17 3.91519e-18 1.90114e-20 2.28411e-18 4.83722e-22 3.50108e-16 4.43731e-22 2.87873e-18 6.29587e-18 0.141843 3.4604e-16 1.72119e-24 5.40994e-23 3.52527e-22 4.84789e-30 1.53163e-13 8.0924e-16 -8.56245e-19 
0.04455 367.692 391.302 0.459534 0.824933 4320 0.339176 1.343 662.96 1591.82 1340.4 0.55 0.9 352939 0.6 -2.43344e+06 -6.05415e+06 0.658284 1.81174e-08 2.82156e-23 0.199873 1.28233e-17 1.17713e-11 6.36045e-22 1.97627e-15 6.32965e-14 2.76875e-14 1.4345e-15 3.63158e-15 1.2781e-16 7.75396e-19 4.08213e-17 1.75081e-21 1.1453e-14 9.34165e-20 9.07756e-17 2.06961e-16 0.141843 1.50965e-14 1.69108e-25 2.36947e-21 2.65416e-20 2.80801e-27 3.15387e-12 2.6517e-14 1.96469e-16 
0.0453313 395.328 431.514 0.494074 0.824933 4320 0.325969 1.343 690.584 1591.82 1340.4 0.55 0.9 368775 0.6 -4.75591e+06 -8.98504e+06 0.658284 7.49506e-08 2.2588e-21 0.199873 1.21698e-16 1.34124e-10 1.81565e-20 2.44401e-14 7.77804e-13 3.44809e-13 2.27617e-14 5.21273e-14 1.58164e-15 1.1189e-17 5.71362e-16 2.12704e-20 1.43705e-13 3.74387e-18 1.13578e-15 2.57699e-15 0.141843 2.45263e-13 5.75526e-26 3.7925e-20 1.00506e-18 2.54067e-25 2.55232e-11 3.30135e-13 2.98761e-15 
0.0461125 437.676 490.18 0.547002 0.824933 4320 0.309867 1.343 721.775 1591.82 1340.4 0.55 0.9 392903 0.6 -9.48998e+06 -1.17587e+07 0.658284 3.40103e-07 3.0638e-19 0.199873 1.35228e-15 1.76536e-09 1.01949e-18 3.55497e-13 1.12423e-11 5.05538e-12 4.26904e-13 8.81385e-13 2.30225e-14 1.90049e-16 9.68295e-15 3.94392e-19 2.12783e-12 1.46652e-16 1.67413e-14 3.77444e-14 0.141843 4.70496e-12 2.48144e-24 7.15823e-19 3.42579e-17 3.01131e-23 2.38106e-10 4.83465e-12 5.22107e-14 
0.0468937 501.451 575.055 0.626714 0.824933 4320 0.291408 1.343 753.24 1591.82 1340.4 0.55 0.9 428813 0.6 -1.84857e+07 -1.39414e+07 0.658283 1.47513e-06 5.05953e-17 0.199872 1.66593e-14 2.10146e-08 6.87372e-17 4.75983e-12 1.49552e-10 6.82456e-11 7.28449e-12 1.3581e-11 3.08937e-13 2.94712e-15 1.50091e-13 6.76413e-18 2.90705e-11 4.65499e-15 2.26972e-13 5.08751e-13 0.141843 8.12282e-11 2.31124e-22 1.22747e-17 1.28286e-15 2.96822e-21 2.06965e-09 6.50949e-11 8.31161e-13 
0.047675 595.126 694.507 0.743828 0.824933 4320 0.271809 1.343 782.245 1591.82 1340.4 0.55 0.9 480404 0.6 -3.39991e+07 -1.42108e+07 0.658281 5.85656e-06 8.64082e-15 0.199872 2.87315e-13 2.16937e-07 4.09588e-15 5.64883e-11 1.7569e-09 8.17093e-10 1.0904e-10 1.82961e-10 3.72042e-12 4.02329e-14 2.04724e-12 1.01575e-16 3.53047e-10 1.10788e-13 2.72579e-12 6.09442e-12 0.141841 1.17802e-09 2.55026e-20 1.85891e-16 5.04232e-14 2.33331e-19 1.61113e-08 7.74237e-10 1.16525e-11 
0.0484562 726.233 854.482 0.907858 0.824933 4320 0.257585 1.343 811.061 1591.82 1340.4 0.55 0.9 549961 0.6 -5.64585e+07 -1.4337e+07 0.658274 2.09821e-05 1.01115e-12 0.199869 9.28525e-12 1.91276e-06 2.47254e-13 5.83865e-10 1.73317e-08 8.55209e-09 1.41068e-09 2.09838e-09 4.24427e-11 4.76942e-13 2.42247e-11 1.31462e-15 3.75743e-09 2.05518e-12 2.85871e-11 6.48657e-11 0.141834 1.31934e-08 2.97686e-18 2.57885e-15 1.89043e-12 1.62191e-17 1.11826e-07 7.92637e-09 1.4202e-10 
0.0488469 805.084 951.627 1.00668 0.824933 4320 0.250461 1.343 825.306 1591.82 1340.4 0.55 0.9 590293 0.6 -7.19227e+07 -1.57181e+07 0.658263 4.21756e-05 1.248e-11 0.199865 1.20175e-10 7.33082e-06 3.80866e-12 2.45165e-09 6.05736e-08 3.81647e-08 7.51322e-09 9.72684e-09 2.59371e-10 2.36637e-12 1.19627e-10 6.97546e-15 1.70963e-08 1.50639e-11 1.27985e-10 3.14307e-10 0.141822 5.33986e-08 1.00479e-16 1.83913e-14 2.4082e-11 2.38396e-16 3.71829e-07 3.30378e-08 7.07382e-10 
0.0490422 848.718 1005.17 1.06149 0.824933 4320 0.245681 1.343 830.673 1591.82 1340.4 0.55 0.9 612186 0.6 -8.14668e+07 -1.69117e+07 0.658253 6.20609e-05 4.91403e-11 0.19986 5.06931e-10 1.70681e-05 1.8885e-11 5.92415e-09 1.21745e-07 1.00528e-07 2.29519e-08 2.63473e-08 8.96127e-10 6.81494e-12 3.4185e-10 2.11905e-14 4.59524e-08 5.76151e-11 3.38319e-10 8.96185e-10 0.141807 1.3094e-07 1.01883e-15 7.27646e-14 1.2102e-10 1.26319e-15 7.85355e-07 8.10796e-08 2.01651e-09 
0.0492375 896.185 1062.38 1.12127 0.824933 4320 0.24095 1.343 834.34 1591.82 1340.4 0.55 0.9 635706 0.6 -9.17543e+07 -1.61454e+07 0.658237 9.27596e-05 1.87345e-10 0.19985 2.02255e-09 4.27253e-05 9.40618e-11 1.53466e-08 2.51258e-07 2.89769e-07 7.82644e-08 7.87288e-08 3.35943e-09 2.1747e-11 1.07857e-09 7.16161e-14 1.35867e-07 2.55439e-10 9.7913e-10 2.79571e-09 0.141774 3.60161e-07 1.04049e-14 3.10814e-13 5.78911e-10 7.63997e-15 1.76367e-06 2.15546e-07 6.34334e-09 
0.0494328 947.492 1123.28 1.18613 0.824933 4320 0.237469 1.343 838.04 1591.82 1340.4 0.55 0.9 660845 0.6 -1.021e+08 -1.67318e+07 0.658212 0.000139493 6.80037e-10 0.199827 7.56971e-09 0.000108404 4.47385e-10 3.8921e-08 4.95481e-07 8.44456e-07 2.7026e-07 2.35245e-07 1.27772e-08 7.04319e-11 3.42145e-09 2.4342e-13 4.08366e-07 1.19275e-09 2.86033e-09 8.74897e-09 0.141705 9.9063e-07 1.03492e-13 1.32089e-12 2.64346e-09 4.86874e-14 4.04347e-06 5.67508e-07 1.9855e-08 
0.0495305 974.518 1155.18 1.22045 0.824933 4320 0.235147 1.343 839.896 1591.82 1340.4 0.55 0.9 674017 0.6 -1.07318e+08 -1.87957e+07 0.658195 0.000172217 1.34917e-09 0.199804 1.51936e-08 0.000179291 1.01383e-09 6.20356e-08 6.85625e-07 1.51259e-06 5.41439e-07 4.2138e-07 2.70876e-08 1.35622e-10 6.41458e-09 4.81387e-13 7.49409e-07 2.81359e-09 5.11007e-09 1.59389e-08 0.141636 1.66572e-06 3.77326e-13 2.97866e-12 6.12209e-09 1.35454e-13 6.33043e-06 9.33926e-07 3.6237e-08 
0.0496281 1002.72 1188.15 1.25639 0.824933 4320 0.232836 1.343 841.755 1591.82 1340.4 0.55 0.9 687726 0.6 -1.1226e+08 -1.90888e+07 0.658173 0.000213194 2.66934e-09 0.199764 3.01952e-08 0.000303006 2.29641e-09 9.98298e-08 9.4692e-07 2.78955e-06 1.13346e-06 7.74604e-07 5.87448e-08 2.7155e-10 1.24105e-08 9.90242e-13 1.42092e-06 6.88324e-09 9.37537e-09 2.94538e-08 0.141525 2.86617e-06 1.36084e-12 6.84416e-12 1.39115e-08 3.98282e-13 1.00653e-05 1.56072e-06 6.77567e-08 
0.0497258 1032.18 1222.24 1.29412 0.824933 4320 0.231117 1.343 843.614 1591.82 1340.4 0.55 0.9 701977 0.6 -1.16664e+08 -2.07894e+07 0.658149 0.000264299 5.27752e-09 0.199691 5.93122e-08 0.000516624 5.19049e-09 1.59645e-07 1.30042e-06 5.19018e-06 2.40788e-06 1.42305e-06 1.2752e-07 5.50934e-10 2.41128e-08 2.05435e-12 2.72298e-06 1.69642e-08 1.72854e-08 5.39486e-08 0.141342 4.91775e-06 4.82342e-12 1.54318e-11 3.09251e-08 1.2074e-12 1.61102e-05 2.60026e-06 1.26109e-07 
0.0497746 1047.43 1239.73 1.31373 0.824933 4320 0.229968 1.343 844.543 1591.82 1340.4 0.55 0.9 709359 0.6 -1.18618e+08 -2.3511e+07 0.658137 0.000294742 7.53115e-09 0.199633 8.38948e-08 0.000681676 7.91346e-09 2.01629e-07 1.52619e-06 7.17035e-06 3.59154e-06 1.93677e-06 1.91125e-07 7.99501e-10 3.39498e-08 3.01014e-12 3.82514e-06 2.71106e-08 2.36884e-08 7.30055e-08 0.141205 6.4337e-06 9.3709e-12 2.32967e-11 4.66377e-08 2.16303e-12 2.05444e-05 3.3599e-06 1.7218e-07 
0.0498234 1063.11 1257.55 1.33397 0.824933 4320 0.228819 1.343 845.473 1591.82 1340.4 0.55 0.9 716957 0.6 -1.20305e+08 -2.51619e+07 0.658126 0.000328882 1.07609e-08 0.199551 1.18587e-07 0.000905222 1.21071e-08 2.54989e-07 1.79649e-06 9.99426e-06 5.44015e-06 2.64808e-06 2.88499e-07 1.17384e-09 4.81742e-08 4.45883e-12 5.42432e-06 4.36547e-08 3.2684e-08 9.89508e-08 0.141024 8.44015e-06 1.81958e-11 3.52417e-11 7.01709e-08 3.94132e-12 2.63083e-05 4.35263e-06 2.3587e-07 
0.0498723 1079.29 1275.73 1.35493 0.824933 4320 0.227669 1.343 846.404 1591.82 1340.4 0.55 0.9 724800 0.6 -1.21649e+08 -2.71574e+07 0.65812 0.000367125 1.54151e-08 0.199435 1.67406e-07 0.00120691 1.85958e-08 3.22164e-07 2.12095e-06 1.39992e-05 8.31192e-06 3.61911e-06 4.36495e-07 1.73232e-09 6.85101e-08 6.62845e-12 7.72828e-06 7.04816e-08 4.5218e-08 1.33894e-07 0.140783 1.10545e-05 3.53357e-11 5.29509e-11 1.05186e-07 7.2683e-12 3.37822e-05 5.63639e-06 3.22631e-07 
0.0499211 1096.04 1294.28 1.37673 0.824933 4320 0.226517 1.343 847.336 1591.82 1340.4 0.55 0.9 732926 0.6 -1.22556e+08 -2.95576e+07 0.658122 0.000409914 2.21369e-08 0.199271 2.35957e-07 0.00161252 2.86797e-08 4.05808e-07 2.51192e-06 1.96462e-05 1.27475e-05 4.92288e-06 6.59859e-07 2.55555e-09 9.71938e-08 9.83303e-12 1.10214e-05 1.13624e-07 6.25233e-08 1.80447e-07 0.140466 1.43979e-05 6.8551e-11 7.85099e-11 1.5698e-07 1.35106e-11 4.34562e-05 7.27653e-06 4.38855e-07 
0.0499699 1113.47 1313.24 1.39951 0.824933 4320 0.225363 1.343 848.27 1591.82 1340.4 0.55 0.9 741384 0.6 -1.22917e+08 -3.2424e+07 0.658138 0.000457735 3.18639e-08 0.199041 3.32047e-07 0.00215575 4.44315e-08 5.08652e-07 2.98489e-06 2.75607e-05 1.95561e-05 6.64001e-06 9.94454e-07 3.75002e-09 1.37009e-07 1.4486e-11 1.56867e-05 1.82256e-07 8.61767e-08 2.41777e-07 0.140047 1.85802e-05 1.32789e-10 1.1428e-10 2.33231e-07 2.52357e-11 5.59641e-05 9.34305e-06 5.91611e-07 
0.0500188 1131.73 1332.63 1.4235 0.824933 4320 0.224204 1.343 849.207 1591.82 1340.4 0.55 0.9 750237 0.6 -1.22599e+08 -3.58158e+07 0.658178 0.000511115 4.59759e-08 0.198718 4.66645e-07 0.00288025 6.91951e-08 6.33239e-07 3.55905e-06 3.85838e-05 2.99361e-05 8.85138e-06 1.49157e-06 5.44781e-09 1.91228e-07 2.10986e-11 2.22307e-05 2.89998e-07 1.18149e-07 3.21642e-07 0.139497 2.3677e-05 2.56909e-10 1.62582e-10 3.45141e-07 4.72565e-11 7.21297e-05 1.19054e-05 7.88105e-07 
0.0500676 1151.01 1352.51 1.44896 0.824933 4320 0.223038 1.343 850.147 1591.82 1340.4 0.55 0.9 759573 0.6 -1.21443e+08 -3.97846e+07 0.658255 0.000570627 6.65199e-08 0.198267 6.55337e-07 0.00384223 1.08437e-07 7.81513e-07 4.25785e-06 5.38386e-05 4.56433e-05 1.16255e-05 2.22363e-06 7.79685e-09 2.6338e-07 3.02433e-11 3.13086e-05 4.56488e-07 1.60836e-07 4.2442e-07 0.138774 2.96976e-05 4.96933e-10 2.2512e-10 5.09235e-07 8.85729e-11 9.30293e-05 1.5024e-05 1.03479e-06 
0.0501164 1171.58 1372.92 1.47628 0.824933 4320 0.221864 1.343 851.091 1591.82 1340.4 0.55 0.9 769499 0.6 -1.19259e+08 -4.43661e+07 0.658391 0.000636885 9.6558e-08 0.197638 9.20537e-07 0.00511331 1.71227e-07 9.54206e-07 5.10964e-06 7.48131e-05 6.92154e-05 1.49998e-05 3.29153e-06 1.09344e-08 3.5673e-07 4.24557e-11 4.3747e-05 7.09069e-07 2.17059e-07 5.55136e-07 0.137828 3.65427e-05 9.62484e-10 3.0211e-10 7.50212e-07 1.65973e-10 0.000120075 1.87381e-05 1.33607e-06 
0.0501652 1193.79 1393.91 1.50594 0.824933 4320 0.22068 1.343 852.04 1591.82 1340.4 0.55 0.9 780160 0.6 -1.15817e+08 -4.9568e+07 0.658616 0.000710541 1.40706e-07 0.196767 1.29488e-06 0.00678379 2.72845e-07 1.14998e-06 6.14848e-06 0.000103466 0.000104262 1.89548e-05 4.83389e-06 1.49355e-08 4.73371e-07 5.80404e-11 6.05587e-05 1.08413e-06 2.89996e-07 7.19538e-07 0.136595 4.39578e-05 1.87027e-09 3.91157e-10 1.10555e-06 3.10681e-10 0.00015512 2.30503e-05 1.69265e-06 
0.0502141 1218.1 1415.55 1.5386 0.824933 4320 0.219483 1.343 852.996 1591.82 1340.4 0.55 0.9 791735 0.6 -1.10846e+08 -5.53517e+07 0.658971 0.000792278 2.05959e-07 0.195566 1.82629e-06 0.0089658 4.3945e-07 1.36434e-06 7.41531e-06 0.000142361 0.000155818 2.33862e-05 7.0384e-06 1.97321e-08 6.12823e-07 7.67615e-11 8.29401e-05 1.62718e-06 3.83026e-07 9.24266e-07 0.134995 5.14887e-05 3.65338e-09 4.86086e-10 1.63294e-06 5.80567e-10 0.000200588 2.79095e-05 2.09965e-06 
0.0502629 1245.1 1437.91 1.57507 0.824933 4320 0.218271 1.343 853.96 1591.82 1340.4 0.55 0.9 804452 0.6 -1.04018e+08 -6.00915e+07 0.659517 0.000882787 3.02941e-07 0.193923 2.58547e-06 0.0117962 7.16508e-07 1.58838e-06 8.95938e-06 0.000194839 0.000230732 2.80772e-05 1.01545e-05 2.50153e-08 7.70221e-07 9.74571e-11 0.000112242 2.39011e-06 4.99438e-07 1.17719e-06 0.132929 5.84573e-05 7.1843e-09 5.76176e-10 2.42197e-06 1.08229e-09 0.00025961 3.31973e-05 2.54482e-06 
0.0503117 1275.54 1461.05 1.6164 0.824933 4320 0.217356 1.343 854.933 1591.82 1340.4 0.55 0.9 818585 0.6 -9.49754e+07 -6.59896e+07 0.660334 0.000982741 4.47713e-07 0.191696 3.67632e-06 0.0154379 1.18385e-06 1.80773e-06 1.08399e-05 0.000265228 0.000338015 3.2686e-05 1.45058e-05 3.01621e-08 9.34476e-07 1.17772e-10 0.000149897 3.42297e-06 6.41938e-07 1.48761e-06 0.130279 6.39885e-05 1.42075e-08 6.46723e-10 3.61185e-06 2.01074e-09 0.00033615 3.87235e-05 3.00714e-06 
0.0503361 1292.42 1472.94 1.63941 0.824933 4320 0.216737 1.343 855.424 1591.82 1340.4 0.55 0.9 826320 0.6 -8.94094e+07 -7.12112e+07 0.660888 0.00103687 5.47784e-07 0.190286 4.40888e-06 0.0176504 1.53744e-06 1.9087e-06 1.19417e-05 0.000309559 0.000408578 3.48033e-05 1.73173e-05 3.23607e-08 1.01284e-06 1.26922e-10 0.00017254 4.05717e-06 7.24073e-07 1.66882e-06 0.12867 6.58681e-05 2.02625e-08 6.69242e-10 4.44241e-06 2.74923e-09 0.000383169 4.15022e-05 3.234e-06 
0.0503605 1310.63 1485.06 1.66429 0.824933 4320 0.216112 1.343 855.917 1591.82 1340.4 0.55 0.9 834579 0.6 -8.31056e+07 -7.43093e+07 0.661567 0.00109369 6.71119e-07 0.188633 5.29675e-06 0.0201652 2.00637e-06 1.99957e-06 1.31672e-05 0.00036141 0.000493496 3.67075e-05 2.06455e-05 3.41268e-08 1.08485e-06 1.34559e-10 0.000198085 4.77468e-06 8.13936e-07 1.87056e-06 0.126841 6.69402e-05 2.89735e-08 6.79842e-10 5.47908e-06 3.7611e-09 0.00043693 4.42457e-05 3.45197e-06 
0.050385 1330.34 1497.41 1.69129 0.824933 4320 0.215483 1.343 856.413 1591.82 1340.4 0.55 0.9 843417 0.6 -7.59958e+07 -7.71609e+07 0.662394 0.00115327 8.23473e-07 0.186704 6.37368e-06 0.0230144 2.63182e-06 2.07649e-06 1.45276e-05 0.000421974 0.000595096 3.83246e-05 2.45642e-05 3.53082e-08 1.14678e-06 1.40066e-10 0.000226711 5.57192e-06 9.11435e-07 2.09552e-06 0.124768 6.70672e-05 4.15697e-08 6.76547e-10 6.77666e-06 5.14562e-09 0.000498228 4.69145e-05 3.65532e-06 
0.0504094 1351.74 1510.02 1.72066 0.824933 4320 0.214847 1.343 856.912 1591.82 1340.4 0.55 0.9 852891 0.6 -6.80079e+07 -7.96556e+07 0.663394 0.00121563 1.01182e-06 0.18446 7.68072e-06 0.0262315 3.47025e-06 2.13537e-06 1.60345e-05 0.000492614 0.000715864 3.95811e-05 2.91542e-05 3.57694e-08 1.19467e-06 1.42922e-10 0.000258554 6.44031e-06 1.01621e-06 2.34677e-06 0.122425 6.61362e-05 5.98436e-08 6.58173e-10 8.4048e-06 7.03582e-09 0.000567879 4.94683e-05 3.8382e-06 
0.0504338 1375.01 1522.89 1.75266 0.824933 4320 0.214206 1.343 857.414 1591.82 1340.4 0.55 0.9 863056 0.6 -5.90663e+07 -8.16641e+07 0.664596 0.00128076 1.24467e-06 0.181861 9.26672e-06 0.02985 4.59948e-06 2.17211e-06 1.76987e-05 0.000574876 0.000858355 4.04088e-05 3.45009e-05 3.54129e-08 1.22473e-06 1.42749e-10 0.000293684 7.36508e-06 1.12755e-06 2.6277e-06 0.119785 6.40749e-05 8.64241e-08 6.24598e-10 1.04519e-05 9.60855e-09 0.000646691 5.18683e-05 3.99513e-06 
0.0504582 1400.34 1536.02 1.78758 0.824933 4320 0.21356 1.343 857.919 1591.82 1340.4 0.55 0.9 873966 0.6 -4.90924e+07 -8.30377e+07 0.666031 0.00134862 1.53241e-06 0.178864 1.11892e-05 0.0339032 6.1271e-06 2.18294e-06 1.95289e-05 0.000670492 0.00102507 4.07516e-05 4.06906e-05 3.42004e-08 1.23369e-06 1.39386e-10 0.000332081 8.32452e-06 1.24428e-06 2.94187e-06 0.116821 6.08689e-05 1.25174e-07 5.76969e-10 1.30296e-05 1.30966e-08 0.000735414 5.40781e-05 4.12166e-06 
0.0504826 1427.95 1549.43 1.82569 0.824933 4320 0.212907 1.343 858.427 1591.82 1340.4 0.55 0.9 885669 0.6 -3.80053e+07 -8.36089e+07 0.667732 0.00141911 1.88768e-06 0.175426 1.35152e-05 0.0384225 8.20207e-06 2.16484e-06 2.153e-05 0.000781379 0.00121828 4.05701e-05 4.78058e-05 3.21684e-08 1.21937e-06 1.32934e-10 0.000373596 9.28986e-06 1.36466e-06 3.29274e-06 0.113508 5.65769e-05 1.81775e-07 5.17762e-10 1.62784e-05 1.78026e-08 0.00083467 5.60637e-05 4.21515e-06 
0.050507 1458.01 1563.11 1.86727 0.824933 4320 0.21225 1.343 858.937 1591.82 1340.4 0.55 0.9 898204 0.6 -2.57231e+07 -8.31934e+07 0.669733 0.00149205 2.32586e-06 0.171504 1.63217e-05 0.0434365 1.10309e-05 2.11601e-06 2.36999e-05 0.000909619 0.00143973 3.98476e-05 5.59183e-05 2.94336e-08 1.18112e-06 1.23764e-10 0.000417911 1.0226e-05 1.48625e-06 3.68323e-06 0.10982 5.1339e-05 2.64593e-07 4.50605e-10 2.03741e-05 2.41141e-08 0.000944875 5.77932e-05 4.2756e-06 
0.0505314 1490.69 1577.06 1.91257 0.824933 4320 0.211587 1.343 859.45 1591.82 1340.4 0.55 0.9 911599 0.6 -1.21642e+07 -8.1594e+07 0.67207 0.00156718 2.86566e-06 0.167056 1.96962e-05 0.048969 1.49e-05 2.03637e-06 2.60265e-05 0.00105742 0.00169038 3.85922e-05 6.50795e-05 2.61838e-08 1.12023e-06 1.12482e-10 0.000464486 1.10932e-05 1.60579e-06 4.11495e-06 0.105737 4.53772e-05 3.85963e-07 3.79864e-10 2.55343e-05 3.2518e-08 0.00106613 5.92339e-05 4.30635e-06 
0.0505559 1526.16 1591.29 1.96183 0.824933 4320 0.21092 1.343 859.965 1591.82 1340.4 0.55 0.9 925866 0.6 2.75105e+06 -7.86078e+07 0.674775 0.00164414 3.52976e-06 0.162048 2.3736e-05 0.0550375 2.02058e-05 1.92781e-06 2.84827e-05 0.00122704 0.00196995 3.68384e-05 7.53103e-05 2.26539e-08 1.04e-06 9.98433e-11 0.000512496 1.18493e-05 1.71909e-06 4.58715e-06 0.101243 3.89817e-05 5.64067e-07 3.10027e-10 3.20256e-05 4.36108e-08 0.0011981 6.03484e-05 4.31436e-06 
0.0505803 1564.52 1605.79 2.01521 0.824933 4320 0.210248 1.343 860.481 1591.82 1340.4 0.55 0.9 940996 0.6 1.9098e+07 -7.40347e+07 0.677881 0.00172241 4.34563e-06 0.156448 2.85472e-05 0.0616505 2.74959e-05 1.7943e-06 3.10215e-05 0.00142072 0.00227649 3.46447e-05 8.65875e-05 1.90901e-08 9.45575e-07 8.66449e-11 0.000560772 1.24523e-05 1.821e-06 5.09532e-06 0.0963265 3.24843e-05 8.25704e-07 2.45036e-10 4.01688e-05 5.80993e-08 0.00133985 6.10897e-05 4.30964e-06 
0.0506047 1605.83 1620.54 2.07283 0.824933 4320 0.209574 1.343 860.998 1591.82 1340.4 0.55 0.9 956957 0.6 3.69453e+07 -6.76917e+07 0.681414 0.00180133 5.34646e-06 0.150238 3.42431e-05 0.0688063 3.75238e-05 1.64153e-06 3.35702e-05 0.00164057 0.00260591 3.20893e-05 9.88298e-05 1.5713e-08 8.43322e-07 7.36229e-11 0.000607739 1.28631e-05 1.90555e-06 5.62948e-06 0.0909883 2.62191e-05 1.21026e-06 1.87762e-10 5.03412e-05 7.67807e-08 0.00148967 6.13975e-05 4.30354e-06 
0.0506291 1650.1 1635.54 2.13471 0.824933 4320 0.208898 1.343 861.515 1591.82 1340.4 0.55 0.9 973687 0.6 5.63521e+07 -5.94284e+07 0.685395 0.00188007 6.57196e-06 0.14341 4.09403e-05 0.0764898 5.13195e-05 1.47623e-06 3.60254e-05 0.0018884 0.00295149 2.9264e-05 0.000111884 1.26879e-08 7.4002e-07 6.13694e-11 0.000651384 1.30473e-05 1.96619e-06 6.17238e-06 0.085239 2.04798e-05 1.77524e-06 1.39747e-10 6.2971e-05 1.00488e-07 0.00164485 6.11947e-05 4.30582e-06 
0.0506535 1697.24 1650.75 2.20077 0.824933 4320 0.208221 1.343 862.03 1591.82 1340.4 0.55 0.9 991097 0.6 7.73651e+07 -4.91471e+07 0.689831 0.00195756 8.06914e-06 0.135975 4.87533e-05 0.084671 7.0279e-05 1.30524e-06 3.82504e-05 0.00216561 0.00330359 2.62663e-05 0.000125516 1.01116e-08 6.4199e-07 5.02907e-11 0.000689253 1.29777e-05 1.99631e-06 6.69805e-06 0.079103 1.5481e-05 2.6037e-06 1.01267e-10 7.85187e-05 1.29982e-07 0.00180149 6.03899e-05 4.32086e-06 
0.0506779 1747.09 1666.15 2.2708 0.824933 4320 0.207545 1.343 862.544 1591.82 1340.4 0.55 0.9 1.00907e+06 0.6 1.00015e+08 -3.68236e+07 0.694721 0.00203253 9.89248e-06 0.127961 5.77867e-05 0.0933029 9.62738e-05 1.13472e-06 4.00768e-05 0.00247302 0.00364951 2.31938e-05 0.000139402 8.0154e-09 5.54427e-07 4.06053e-11 0.000718519 1.26358e-05 1.99003e-06 7.17125e-06 0.072621 1.13365e-05 3.81325e-06 7.16319e-11 9.74379e-05 1.65758e-07 0.00195422 5.88841e-05 4.34398e-06 
0.0507023 1799.4 1681.7 2.34447 0.824933 4320 0.206872 1.343 863.054 1591.82 1340.4 0.55 0.9 1.02745e+06 0.6 1.24316e+08 -2.25266e+07 0.700047 0.00210348 1.21034e-05 0.119417 6.81224e-05 0.10232 0.000131777 9.69703e-07 4.13136e-05 0.00281078 0.00397379 2.01386e-05 0.000153141 6.38171e-09 4.81088e-07 3.23713e-11 0.000736144 1.20156e-05 1.94316e-06 7.54874e-06 0.0658515 8.05778e-06 5.56552e-06 4.95835e-11 0.000120105 2.07769e-07 0.00209609 5.65849e-05 4.35933e-06 
0.0507268 1853.79 1697.38 2.42127 0.824933 4320 0.206203 1.343 863.56 1591.82 1340.4 0.55 0.9 1.04606e+06 0.6 1.50257e+08 -4.26071e+06 0.705771 0.00216872 1.4768e-05 0.110414 7.98031e-05 0.11164 0.000179995 8.14028e-07 4.17672e-05 0.0031782 0.00425905 1.7183e-05 0.00016627 5.16369e-09 4.24328e-07 2.55286e-11 0.000739151 1.11272e-05 1.85411e-06 7.78294e-06 0.0588716 5.57401e-06 8.07219e-06 3.36576e-11 0.000146707 2.55057e-07 0.00221848 5.34279e-05 4.34069e-06 
0.0507512 1909.82 1713.11 2.5006 0.824933 4320 0.205706 1.343 864.06 1591.82 1340.4 0.55 0.9 1.06472e+06 0.6 1.77792e+08 1.40081e+07 0.711838 0.00222642 1.79534e-05 0.101045 9.28107e-05 0.121161 0.00024493 6.70593e-07 4.12722e-05 0.00357379 0.00448747 1.43968e-05 0.000178317 4.30384e-09 3.85361e-07 1.99394e-11 0.000725043 1.00007e-05 1.72468e-06 7.82836e-06 0.0517756 3.76432e-06 1.15885e-05 2.24474e-11 0.000177095 3.05362e-07 0.00231145 4.94e-05 4.25581e-06 
0.0507634 1938.25 1720.98 2.54096 0.824933 4320 0.205377 1.343 864.307 1591.82 1340.4 0.55 0.9 1.07399e+06 0.6 1.92233e+08 2.23484e+07 0.714995 0.00225191 1.97783e-05 0.0962297 9.98364e-05 0.125988 0.000285565 6.0382e-07 4.06258e-05 0.00378285 0.00457487 1.30779e-05 0.000183821 3.98714e-09 3.72682e-07 1.75785e-11 0.000710892 9.36244e-06 1.64625e-06 7.76642e-06 0.0481985 3.05684e-06 1.38409e-05 1.81981e-11 0.000193589 3.30639e-07 0.00234331 4.70623e-05 4.17596e-06 
0.0507756 1966.9 1728.85 2.58167 0.824933 4320 0.205132 1.343 864.552 1591.82 1340.4 0.55 0.9 1.0832e+06 0.6 2.07054e+08 3.23458e+07 0.718213 0.00227479 2.17575e-05 0.0913608 0.00010715 0.130824 0.000332402 5.40911e-07 3.97055e-05 0.00399845 0.00464134 1.18215e-05 0.00018889 3.74114e-09 3.64679e-07 1.54629e-11 0.000691851 8.68446e-06 1.55972e-06 7.64407e-06 0.0446329 2.46943e-06 1.64578e-05 1.46997e-11 0.000210734 3.5505e-07 0.00236359 4.45293e-05 4.06801e-06 
0.0507817 1981.27 1732.78 2.60213 0.824933 4320 0.204969 1.343 864.673 1591.82 1340.4 0.55 0.9 1.08777e+06 0.6 2.14629e+08 3.62843e+07 0.719846 0.0022852 2.28107e-05 0.0889037 0.000110915 0.133247 0.000358509 5.10867e-07 3.9143e-05 0.00410896 0.00466626 1.1216e-05 0.000191258 3.64174e-09 3.62394e-07 1.44912e-11 0.000680488 8.33321e-06 1.51372e-06 7.55956e-06 0.0428538 2.21281e-06 1.79189e-05 1.31853e-11 0.000219507 3.66739e-07 0.00236896 4.31937e-05 4.00255e-06 
0.0507878 1995.67 1736.71 2.62263 0.824933 4320 0.204847 1.343 864.794 1591.82 1340.4 0.55 0.9 1.09232e+06 0.6 2.22296e+08 4.31021e+07 0.72149 0.00229487 2.39043e-05 0.0864388 0.000114739 0.135666 0.000386469 4.81856e-07 3.85143e-05 0.00422102 0.0046853 1.06274e-05 0.000193505 3.55766e-09 3.61259e-07 1.35725e-11 0.000667923 7.97579e-06 1.46614e-06 7.45951e-06 0.0410833 1.97966e-06 1.94825e-05 1.18157e-11 0.000228364 3.77923e-07 0.00237096 4.18175e-05 3.92934e-06 
0.0507908 2002.87 1738.67 2.63289 0.824933 4320 0.204787 1.343 864.854 1591.82 1340.4 0.55 0.9 1.09458e+06 0.6 2.26169e+08 4.40172e+07 0.722317 0.00229943 2.44672e-05 0.0852021 0.000116674 0.136875 0.0004012 4.67714e-07 3.81754e-05 0.00427771 0.00469259 1.0339e-05 0.000194585 3.52097e-09 3.61114e-07 1.31316e-11 0.000661191 7.79495e-06 1.44178e-06 7.40363e-06 0.0402004 1.87081e-06 2.03048e-05 1.11792e-11 0.00023282 3.833e-07 0.00237067 4.11143e-05 3.88978e-06 
0.0507924 2006.48 1739.65 2.63803 0.824933 4320 0.204746 1.343 864.884 1591.82 1340.4 0.55 0.9 1.09571e+06 0.6 2.28116e+08 4.23556e+07 0.722732 0.00230164 2.47527e-05 0.0845827 0.000117648 0.13748 0.000408759 4.60735e-07 3.79999e-05 0.00430623 0.00469566 1.01963e-05 0.000195114 3.50392e-09 3.61148e-07 1.29156e-11 0.000657713 7.70406e-06 1.42947e-06 7.37423e-06 0.0397597 1.81824e-06 2.07262e-05 1.08726e-11 0.000235053 3.85929e-07 0.0023702 4.07591e-05 3.86925e-06 
0.0507939 2010.08 1740.63 2.64316 0.824933 4320 0.204706 1.343 864.914 1591.82 1340.4 0.55 0.9 1.09683e+06 0.6 2.30069e+08 4.35319e+07 0.723147 0.0023038 2.50407e-05 0.0839631 0.000118624 0.138084 0.000416442 4.53819e-07 3.78206e-05 0.00433483 0.00469834 1.00547e-05 0.000195636 3.48775e-09 3.61251e-07 1.27025e-11 0.000654162 7.61292e-06 1.41708e-06 7.34388e-06 0.0393196 1.76689e-06 2.11543e-05 1.05736e-11 0.000237287 3.88514e-07 0.0023695 4.04017e-05 3.84823e-06 
0.0507954 2013.69 1741.61 2.6483 0.824933 4320 0.204666 1.343 864.944 1591.82 1340.4 0.55 0.9 1.09796e+06 0.6 2.32027e+08 4.47086e+07 0.723563 0.00230591 2.53312e-05 0.0833433 0.000119605 0.138687 0.000424253 4.46969e-07 3.76374e-05 0.00436353 0.00470064 9.9141e-06 0.000196149 3.47243e-09 3.61425e-07 1.24923e-11 0.00065054 7.52155e-06 1.40461e-06 7.31257e-06 0.0388804 1.71674e-06 2.1589e-05 1.0282e-11 0.000239523 3.91055e-07 0.00236859 4.00422e-05 3.82673e-06 
0.0507969 2017.29 1742.59 2.65344 0.824933 4320 0.204625 1.343 864.974 1591.82 1340.4 0.55 0.9 1.09908e+06 0.6 2.33991e+08 4.58856e+07 0.723979 0.00230797 2.56242e-05 0.0827232 0.000120588 0.13929 0.000432189 4.40181e-07 3.74505e-05 0.00439233 0.00470255 9.77459e-06 0.000196655 3.45795e-09 3.61668e-07 1.22848e-11 0.000646848 7.42997e-06 1.39206e-06 7.28033e-06 0.0384419 1.66774e-06 2.20303e-05 9.99765e-12 0.000241759 3.93548e-07 0.00236745 3.96806e-05 3.80474e-06 
0.0507985 2020.89 1743.57 2.65858 0.824933 4320 0.204585 1.343 865.004 1591.82 1340.4 0.55 0.9 1.1002e+06 0.6 2.3596e+08 5.04e+07 0.724396 0.00230998 2.59196e-05 0.082103 0.000121575 0.139892 0.000440254 4.33456e-07 3.72599e-05 0.00442121 0.00470406 9.63613e-06 0.000197154 3.4443e-09 3.61979e-07 1.20801e-11 0.000643085 7.3382e-06 1.37944e-06 7.24716e-06 0.0380043 1.61986e-06 2.24782e-05 9.72022e-12 0.000243994 3.95993e-07 0.0023661 3.9317e-05 3.78227e-06 
0.0508 2024.5 1744.55 2.66372 0.824933 4320 0.204561 1.343 865.034 1591.82 1340.4 0.55 0.9 1.10132e+06 0.6 2.37935e+08 6.80559e+10 0.724813 0.00231194 2.62176e-05 0.0814826 0.000122564 0.140494 0.000448445 4.26794e-07 3.70656e-05 0.00445019 0.0047052 9.49872e-06 0.000197645 3.43144e-09 3.62359e-07 1.1878e-11 0.000639253 7.24626e-06 1.36676e-06 7.21307e-06 0.0375675 1.57305e-06 2.29326e-05 9.44949e-12 0.000246229 3.98387e-07 0.00236452 3.89515e-05 3.75933e-06 
0.0508015 2028.1 1744.75 2.55311 0.862333 2620 1.75575 1.168 1322.37 934.45 525.95 0.55 0.9 444970 0.6 9.34109e+07 -6.7994e+10 0.72523 0.00231385 2.65179e-05 0.0808621 0.000123558 0.141095 0.000456764 4.20191e-07 3.68679e-05 0.00447926 0.00470594 9.36234e-06 0.000198129 3.41938e-09 3.62807e-07 1.16787e-11 0.000635352 7.15416e-06 1.354e-06 7.17807e-06 0.0371316 1.52729e-06 2.33936e-05 9.18515e-12 0.000248463 4.00731e-07 0.00236273 3.85841e-05 3.73591e-06 
0.0508031 2031.1 1744.86 2.5572 0.862333 2620 1.75569 1.168 1322.38 934.45 525.95 0.55 0.9 445344 0.6 9.3408e+07 1.17971e+07 0.725578 0.0023154 2.677e-05 0.0803459 0.000124387 0.141595 0.000463795 4.1475e-07 3.67003e-05 0.00450352 0.00470621 9.2498e-06 0.000198525 3.41002e-09 3.63238e-07 1.15153e-11 0.000632049 7.07742e-06 1.34334e-06 7.14818e-06 0.0367697 1.49009e-06 2.37828e-05 8.97056e-12 0.000250319 4.02637e-07 0.00236105 3.82768e-05 3.71602e-06 
0.0508046 2034.08 1744.98 2.56127 0.862333 2620 1.75563 1.168 1322.39 934.45 525.95 0.55 0.9 445715 0.6 9.34052e+07 1.31802e+07 0.725925 0.0023169 2.70241e-05 0.0798305 0.000125219 0.142093 0.000470928 4.0937e-07 3.65301e-05 0.00452782 0.00470615 9.13837e-06 0.000198914 3.40134e-09 3.63726e-07 1.13549e-11 0.000628694 7.00072e-06 1.33265e-06 7.11758e-06 0.0364091 1.45382e-06 2.41771e-05 8.76149e-12 0.000252172 4.04501e-07 0.00235919 3.79685e-05 3.69577e-06 
0.0508061 2037.06 1745.09 2.56534 0.862333 2620 1.75557 1.168 1322.4 934.45 525.95 0.55 0.9 446086 0.6 9.34026e+07 1.45608e+07 0.726271 0.00231836 2.72803e-05 0.0793161 0.000126053 0.14259 0.000478162 4.04048e-07 3.63573e-05 0.00455214 0.00470574 9.02805e-06 0.000199296 3.39333e-09 3.64272e-07 1.11972e-11 0.000625288 6.92406e-06 1.32192e-06 7.08627e-06 0.0360499 1.41846e-06 2.45766e-05 8.55772e-12 0.00025402 4.06322e-07 0.00235714 3.76592e-05 3.67514e-06 
0.0508076 2040.02 1745.21 2.56939 0.862333 2620 1.75551 1.168 1322.41 934.45 525.95 0.55 0.9 446454 0.6 9.34e+07 1.51923e+07 0.726618 0.00231977 2.75385e-05 0.0788026 0.000126889 0.143085 0.000485499 3.98785e-07 3.6182e-05 0.0045765 0.00470499 8.91884e-06 0.000199671 3.38598e-09 3.64875e-07 1.10424e-11 0.000621831 6.84746e-06 1.31117e-06 7.05426e-06 0.0356921 1.38397e-06 2.49811e-05 8.35906e-12 0.000255863 4.08099e-07 0.00235491 3.7349e-05 3.65416e-06 
0.0508092 2042.98 1745.32 2.57343 0.862333 2620 1.75541 1.168 1322.42 934.45 525.95 0.55 0.9 446821 0.6 9.33976e+07 1.58231e+07 0.726963 0.00232113 2.77987e-05 0.07829 0.000127727 0.14358 0.000492937 3.9358e-07 3.60042e-05 0.00460089 0.00470391 8.81074e-06 0.000200039 3.37928e-09 3.65535e-07 1.08903e-11 0.000618324 6.77093e-06 1.30038e-06 7.02158e-06 0.0353357 1.35034e-06 2.53906e-05 8.16535e-12 0.0002577 4.09831e-07 0.00235249 3.7038e-05 3.63282e-06 
0.0508122 2048.87 1745.55 2.58147 0.862333 2620 1.75523 1.168 1322.45 934.45 525.95 0.55 0.9 447550 0.6 9.33931e+07 1.95625e+07 0.727652 0.00232373 2.83247e-05 0.0772686 0.000129409 0.144564 0.000508109 3.83348e-07 3.56415e-05 0.00464973 0.00470071 8.59796e-06 0.000200755 3.36779e-09 3.67021e-07 1.0594e-11 0.000611169 6.61822e-06 1.27877e-06 6.95423e-06 0.0346274 1.28561e-06 2.62241e-05 7.7925e-12 0.000261355 4.13155e-07 0.00234712 3.64137e-05 3.58911e-06 
0.0508183 2060.53 1746 2.59742 0.862333 2620 1.75499 1.168 1322.49 934.45 525.95 0.55 0.9 448986 0.6 9.33854e+07 2.47701e+07 0.729021 0.00232836 2.93991e-05 0.0752409 0.000132797 0.146512 0.000539637 3.63579e-07 3.48898e-05 0.00474762 0.00469027 8.18591e-06 0.000202103 3.35223e-09 3.70648e-07 1.00318e-11 0.000596311 6.31454e-06 1.23535e-06 6.81195e-06 0.0332301 1.16566e-06 2.79476e-05 7.10138e-12 0.000268573 4.19213e-07 0.00233424 3.5158e-05 3.49772e-06 
0.0508244 2072.03 1746.46 2.61315 0.862333 2620 1.75462 1.168 1322.53 934.45 525.95 0.55 0.9 450394 0.6 9.33794e+07 3.04218e+07 0.730379 0.00233226 3.05043e-05 0.0732314 0.000136219 0.148437 0.000572823 3.44677e-07 3.41054e-05 0.00484593 0.00467452 7.79072e-06 0.000203346 3.34593e-09 3.75125e-07 9.50639e-12 0.00058076 6.01346e-06 1.19176e-06 6.66002e-06 0.0318569 1.05678e-06 2.97466e-05 6.47485e-12 0.000275651 4.24454e-07 0.00231854 3.38939e-05 3.40125e-06 
0.0508366 2094.51 1747.37 2.64395 0.862333 2620 1.75414 1.168 1322.62 934.45 525.95 0.55 0.9 453123 0.6 9.33716e+07 4.0816e+07 0.73305 0.00233783 3.27995e-05 0.069282 0.000143143 0.152203 0.000644108 3.09517e-07 3.24547e-05 0.00504321 0.0046274 7.05201e-06 0.000205514 3.3596e-09 3.86523e-07 8.55646e-12 0.000547834 5.42324e-06 1.10471e-06 6.33026e-06 0.0291929 8.69259e-07 3.35513e-05 5.3966e-12 0.00028925 4.32245e-07 0.00227886 3.13578e-05 3.19485e-06 
0.0508488 2116.23 1748.27 2.67376 0.862333 2620 1.75341 1.168 1322.7 934.45 525.95 0.55 0.9 455728 0.6 9.33686e+07 5.14237e+07 0.73566 0.00234041 3.5212e-05 0.065423 0.000150175 0.155859 0.000722471 2.77667e-07 3.07192e-05 0.0052417 0.00456037 6.3769e-06 0.00020727 3.40524e-09 4.01023e-07 7.72597e-12 0.000512885 4.85323e-06 1.01856e-06 5.97129e-06 0.0266375 7.13642e-07 3.76095e-05 4.5106e-12 0.000301896 4.36256e-07 0.00222839 2.88311e-05 2.97348e-06 
0.0508732 2157.2 1750.07 2.73011 0.862333 2620 1.75246 1.168 1322.87 934.45 525.95 0.55 0.9 460561 0.6 9.33738e+07 7.16386e+07 0.740641 0.00233663 4.03533e-05 0.0580441 0.000164457 0.16278 0.000900842 2.23669e-07 2.71004e-05 0.00563969 0.00437047 5.21629e-06 0.000209494 3.58279e-09 4.38534e-07 6.37058e-12 0.000438821 3.79531e-06 8.52491e-07 5.19062e-06 0.0218975 4.8106e-07 4.63098e-05 3.19447e-12 0.000323368 4.31844e-07 0.00209681 2.39118e-05 2.50049e-06 
0.0508977 2194.41 1751.84 2.78147 0.862333 2620 1.75152 1.168 1323.03 934.45 525.95 0.55 0.9 464852 0.6 9.33857e+07 8.97579e+07 0.745266 0.00232127 4.59231e-05 0.0511408 0.00017907 0.169165 0.001111 1.81384e-07 2.3454e-05 0.00603941 0.00411767 4.27814e-06 0.000209873 3.85868e-09 4.86063e-07 5.34971e-12 0.00036285 2.8707e-06 6.99527e-07 4.37405e-06 0.0176612 3.20006e-07 5.53454e-05 2.31065e-12 0.000337997 4.1104e-07 0.00192869 1.93237e-05 2.01557e-06 
0.0509221 2227.43 1753.58 2.82723 0.862333 2620 1.7506 1.168 1323.2 934.45 525.95 0.55 0.9 468578 0.6 9.33968e+07 1.05959e+08 0.749474 0.00229501 5.18915e-05 0.0447748 0.000194125 0.174959 0.00135477 1.49575e-07 1.9944e-05 0.00643907 0.00381425 3.53926e-06 0.000208067 4.21157e-09 5.41285e-07 4.60003e-12 0.000288946 2.09613e-06 5.63568e-07 3.57259e-06 0.0139586 2.09332e-07 6.4008e-05 1.72154e-12 0.000343968 3.75259e-07 0.00173119 1.52089e-05 1.55097e-06 
0.0509465 2255.93 1755.29 2.86693 0.862333 2620 1.74971 1.168 1323.35 934.45 525.95 0.55 0.9 471729 0.6 9.34006e+07 1.19997e+08 0.753224 0.00225894 5.82184e-05 0.0389888 0.000209884 0.180131 0.00163292 1.26956e-07 1.66921e-05 0.00683652 0.00347347 2.97216e-06 0.000203587 4.61164e-09 6.00523e-07 4.07187e-12 0.000220737 1.47421e-06 4.46476e-07 2.82916e-06 0.0107983 1.34022e-07 7.14168e-05 1.33233e-12 0.000339965 3.27832e-07 0.00151372 1.16574e-05 1.13479e-06 
0.0509709 2279.72 1756.96 2.9003 0.862333 2620 1.74883 1.168 1323.51 934.45 525.95 0.55 0.9 474305 0.6 9.3391e+07 1.31701e+08 0.756496 0.00221459 6.48471e-05 0.0338055 0.000226745 0.184666 0.00194454 1.12361e-07 1.3775e-05 0.00722854 0.00310859 2.54822e-06 0.00019587 5.01754e-09 6.58413e-07 3.72664e-12 0.000161114 9.96112e-07 3.48347e-07 2.17403e-06 0.00816804 8.35409e-08 7.6637e-05 1.07922e-12 0.000325471 2.73504e-07 0.0012871 8.70501e-06 7.86485e-07 
0.0509953 2298.78 1758.59 2.92726 0.862333 2620 1.74798 1.168 1323.66 934.45 525.95 0.55 0.9 476323 0.6 9.3363e+07 1.40996e+08 0.759289 0.00216375 7.16962e-05 0.0292284 0.000245186 0.188573 0.0022863 1.04812e-07 1.12314e-05 0.00761021 0.00273227 2.24003e-06 0.000184431 5.37636e-09 7.07913e-07 3.53445e-12 0.000111899 6.44868e-07 2.6796e-07 1.62325e-06 0.00603673 5.04347e-08 7.88559e-05 9.19913e-13 0.000300995 2.17609e-07 0.00106252 6.33851e-06 5.14589e-07 
0.0510197 2313.2 1760.16 2.94797 0.862333 2620 1.74716 1.168 1323.8 934.45 525.95 0.55 0.9 477812 0.6 9.33124e+07 1.47901e+08 0.761625 0.00210845 7.8653e-05 0.025244 0.000265647 0.19188 0.00265181 1.03503e-07 9.07178e-06 0.00797471 0.00235639 2.02286e-06 0.000169091 5.62962e-09 7.41093e-07 3.4718e-12 7.36817e-05 3.9889e-07 2.0331e-07 1.17969e-06 0.00435759 2.935e-08 7.75852e-05 8.26702e-13 0.000268189 1.65113e-07 0.000850387 4.50656e-06 3.17024e-07 
0.0510441 2323.27 1761.69 2.96279 0.862333 2620 1.74637 1.168 1323.94 934.45 525.95 0.55 0.9 478813 0.6 9.32358e+07 1.52533e+08 0.763538 0.00205079 8.55729e-05 0.021824 0.000288384 0.194631 0.00303133 1.07721e-07 7.28608e-06 0.00831376 0.001992 1.87517e-06 0.000150191 5.72603e-09 7.50883e-07 3.51891e-12 4.58647e-05 2.3518e-07 1.52088e-07 8.36122e-07 0.00307266 1.64019e-08 7.28267e-05 7.81475e-13 0.000229726 1.19746e-07 0.00065927 3.13387e-06 1.83639e-07 
0.0510686 2329.4 1763.17 2.97226 0.862333 2620 1.7456 1.168 1324.08 934.45 525.95 0.55 0.9 479378 0.6 9.3131e+07 1.55098e+08 0.765074 0.00199282 9.22875e-05 0.0189287 0.000313323 0.196884 0.00341228 1.16733e-07 5.84933e-06 0.00861885 0.00164911 1.77873e-06 0.000128694 5.63807e-09 7.33378e-07 3.65725e-12 2.69449e-05 1.31942e-07 1.12042e-07 5.79091e-07 0.00211804 8.7808e-09 6.51268e-05 7.721e-13 0.000188915 8.34921e-08 0.00049498 2.13544e-06 1.00029e-07 
0.051093 2332.09 1764.59 2.97706 0.862333 2620 1.74487 1.168 1324.21 934.45 525.95 0.55 0.9 479568 0.6 9.29962e+07 1.55868e+08 0.766285 0.00193639 9.86224e-05 0.0165101 0.000339972 0.198705 0.0037806 1.29685e-07 4.72503e-06 0.00888299 0.00133622 1.71847e-06 0.000106075 5.37424e-09 6.89671e-07 3.86773e-12 1.49394e-05 7.03993e-08 8.11655e-08 3.92635e-07 0.0014292 4.49949e-09 5.54725e-05 7.89889e-13 0.000149111 5.65694e-08 0.000360143 1.42834e-06 5.13323e-08 
0.0511174 2331.94 1765.96 2.97797 0.862333 2620 1.74416 1.168 1324.33 934.45 525.95 0.55 0.9 479446 0.6 9.28307e+07 1.55153e+08 0.767225 0.00188303 0.00010442 0.0145153 0.000367442 0.200163 0.00412277 1.45578e-07 3.86873e-06 0.00910223 0.00105962 1.68233e-06 8.40053e-05 4.97908e-09 6.26034e-07 4.13017e-12 7.83012e-06 3.57542e-08 5.77421e-08 2.61039e-07 0.00094583 2.20864e-09 4.50517e-05 8.27952e-13 0.000113084 3.78615e-08 0.000254334 9.39318e-07 2.49058e-08 
0.0511418 2329.52 1767.28 2.97576 0.862333 2620 1.74348 1.168 1324.46 934.45 525.95 0.55 0.9 479077 0.6 9.26341e+07 1.53273e+08 0.767942 0.00183383 0.000109558 0.0128892 0.000394589 0.201322 0.00442784 1.63316e-07 3.23238e-06 0.00927645 0.000822821 1.66114e-06 6.39604e-05 4.51926e-09 5.52123e-07 4.42424e-12 3.89195e-06 1.7323e-08 4.03102e-08 1.70434e-07 0.000615251 1.04081e-09 3.49691e-05 8.80309e-13 8.25918e-05 2.55797e-08 0.000174736 6.08212e-07 1.14812e-08 
0.0511662 2325.39 1768.55 2.97115 0.862333 2620 1.74282 1.168 1324.57 934.45 525.95 0.55 0.9 478519 0.6 9.24067e+07 1.50531e+08 0.768482 0.00178945 0.000113967 0.0115776 0.000420231 0.202243 0.00468871 1.81817e-07 2.76897e-06 0.00940908 0.000626349 1.64837e-06 4.69204e-05 4.06252e-09 4.78023e-07 4.7312e-12 1.84238e-06 8.03273e-09 2.76121e-08 1.09437e-07 0.000394256 4.72334e-10 2.60289e-05 9.41598e-13 5.82775e-05 1.78664e-08 0.000117114 3.88243e-07 5.05691e-09 
0.0511906 2320.03 1769.76 2.9648 0.862333 2620 1.7422 1.168 1324.68 934.45 525.95 0.55 0.9 477823 0.6 9.21491e+07 1.4719e+08 0.768884 0.00175013 0.000117626 0.0105289 0.000443356 0.202976 0.00490263 2.00134e-07 2.43632e-06 0.00950606 0.000468073 1.63972e-06 3.32655e-05 3.65999e-09 4.11631e-07 5.03565e-12 8.3421e-07 3.57675e-09 1.85636e-08 6.91859e-08 0.000249308 2.07049e-10 1.86506e-05 1.00715e-12 3.98647e-05 1.31647e-08 7.67731e-05 2.44527e-07 2.13925e-09 
0.051215 2313.84 1770.93 2.95723 0.862333 2620 1.7416 1.168 1324.79 934.45 525.95 0.55 0.9 477031 0.6 9.18621e+07 1.43215e+08 0.76918 0.00171577 0.000120559 0.00969621 0.00046326 0.203563 0.00507056 2.17544e-07 2.19928e-06 0.00957441 0.000343947 1.63261e-06 2.28647e-05 3.33868e-09 3.57391e-07 5.32642e-12 3.6167e-07 1.52858e-09 1.22451e-08 4.30576e-08 0.000155575 8.76474e-11 1.29103e-05 1.07315e-12 2.65057e-05 1.03389e-08 4.92864e-05 1.51883e-07 8.7102e-10 
0.0512395 2307.13 1772.05 2.94887 0.862333 2620 1.74076 1.168 1324.89 934.45 525.95 0.55 0.9 476177 0.6 9.15468e+07 1.39392e+08 0.769397 0.00168601 0.000122823 0.00903812 0.000479578 0.204039 0.00519615 2.33563e-07 2.03014e-06 0.00962108 0.00024891 1.6256e-06 1.52709e-05 3.10425e-09 3.16567e-07 5.59648e-12 1.46044e-07 6.05584e-10 7.90324e-09 2.62584e-08 9.53376e-05 3.48072e-11 8.65615e-06 1.13673e-12 1.71319e-05 8.63215e-09 3.09055e-05 9.25728e-08 3.33771e-10 
0.0512883 2292.82 1774.14 2.9307 0.862333 2620 1.73971 1.168 1325.08 934.45 525.95 0.55 0.9 474356 0.6 9.08377e+07 1.31398e+08 0.769654 0.00163872 0.000125569 0.00813801 0.000501166 0.204736 0.00533541 2.60328e-07 1.82896e-06 0.0096677 0.000130299 1.60964e-06 6.87897e-06 2.8816e-09 2.74061e-07 6.06105e-12 2.80893e-08 1.15992e-10 3.41206e-09 1.0316e-08 3.81786e-05 6.62132e-12 3.86526e-06 1.2501e-12 7.2764e-06 7.10313e-09 1.26666e-05 3.64624e-08 5.75554e-11 
0.0513371 2278.34 1776.05 2.91206 0.862333 2620 1.73876 1.168 1325.25 934.45 525.95 0.55 0.9 472502 0.6 9.00285e+07 1.23388e+08 0.769791 0.00160304 0.000126635 0.00756805 0.000511014 0.205242 0.00537473 2.80994e-07 1.71663e-06 0.00968532 6.65074e-05 1.59088e-06 3.07225e-06 2.83438e-09 2.60641e-07 6.43873e-12 5.03742e-09 2.07044e-11 1.44148e-09 3.99854e-09 1.51728e-05 1.18441e-12 1.67148e-06 1.34298e-12 3.00155e-06 6.47823e-09 5.094e-06 1.42016e-08 9.36238e-12 
0.0513859 2264.13 1777.8 2.89361 0.862333 2620 1.73789 1.168 1325.41 934.45 525.95 0.55 0.9 470666 0.6 8.91291e+07 1.1575e+08 0.769863 0.00157512 0.000126578 0.00719757 0.00051245 0.205636 0.00535074 2.96801e-07 1.64761e-06 0.00968991 3.34204e-05 1.57033e-06 1.43728e-06 2.87036e-09 2.61797e-07 6.74903e-12 8.72302e-10 3.55569e-12 6.0164e-10 1.54678e-09 6.02153e-06 2.05782e-13 7.2541e-07 1.41778e-12 1.2219e-06 6.18297e-09 2.03034e-06 5.52496e-09 1.4915e-12 
0.0514348 2250.34 1779.39 2.87564 0.862333 2620 1.7371 1.168 1325.55 934.45 525.95 0.55 0.9 468870 0.6 8.8149e+07 1.08466e+08 0.769902 0.00155214 0.000125805 0.00694508 0.000508392 0.205964 0.00528906 3.09088e-07 1.60024e-06 0.00968899 1.66007e-05 1.54914e-06 7.55069e-07 2.93963e-09 2.69306e-07 7.01213e-12 1.48399e-10 5.99262e-13 2.48542e-10 5.99877e-10 2.38099e-06 3.51049e-14 3.30072e-07 1.47879e-12 4.95397e-07 6.00604e-09 8.03151e-07 2.15387e-09 2.34802e-13 
0.0514836 2237.05 1780.83 2.85824 0.862333 2620 1.73609 1.168 1325.68 934.45 525.95 0.55 0.9 467125 0.6 8.70971e+07 1.01787e+08 0.769923 0.00153225 0.00012459 0.00676103 0.000500982 0.206252 0.00520629 3.18943e-07 1.56417e-06 0.00968587 8.01844e-06 1.52821e-06 4.67344e-07 3.01965e-09 2.79245e-07 7.24432e-12 2.21185e-11 8.88481e-14 9.71212e-11 2.24616e-10 8.90307e-07 5.18606e-15 1.62757e-07 1.53012e-12 1.93867e-07 5.86978e-09 3.00405e-07 8.08602e-10 3.24955e-14 
0.0515812 2211.98 1783.29 2.82533 0.862333 2620 1.73494 1.168 1325.9 934.45 525.95 0.55 0.9 463795 0.6 8.4821e+07 8.96904e+07 0.769939 0.0014981 0.000121355 0.00650722 0.000480397 0.206762 0.00500826 3.3345e-07 1.50956e-06 0.00967749 2.46995e-06 1.48865e-06 3.27038e-07 3.18258e-09 3.01057e-07 7.64623e-12 1.6725e-12 8.74326e-15 2.25604e-11 5.34669e-11 1.88721e-07 3.1168e-16 7.76362e-08 1.61177e-12 4.94623e-08 5.63034e-09 6.46288e-08 1.91393e-10 1.70106e-15 
0.0516789 2188.64 1785.26 2.79464 0.862333 2620 1.73403 1.168 1326.08 934.45 525.95 0.55 0.9 460657 0.6 8.23442e+07 7.90404e+07 0.769944 0.00146723 0.000117744 0.00630421 0.000457588 0.207233 0.00480236 3.44609e-07 1.46469e-06 0.00966908 8.90014e-07 1.45376e-06 2.97617e-07 3.34038e-09 3.22998e-07 8.01933e-12 3.94091e-13 3.73061e-15 6.44058e-12 1.96519e-11 4.57336e-08 2.27549e-17 5.55486e-08 1.6811e-12 1.94821e-08 5.39786e-09 1.71245e-08 6.87104e-11 1.43932e-16 
0.0517766 2166.89 1786.79 2.76601 0.862333 2620 1.73333 1.168 1326.21 934.45 525.95 0.55 0.9 457699 0.6 7.97192e+07 6.97156e+07 0.769947 0.00143813 0.000114018 0.00611973 0.000434585 0.20768 0.00460084 3.5366e-07 1.42507e-06 0.00966117 4.32632e-07 1.42356e-06 2.9185e-07 3.49285e-09 3.44726e-07 8.38091e-12 2.84722e-13 3.29001e-15 2.84907e-12 1.21363e-11 1.55145e-08 3.6669e-18 4.67044e-08 1.74338e-12 1.26524e-08 5.17089e-09 7.09407e-09 4.18654e-11 4.70237e-17 
0.0518742 2146.58 1787.95 2.73927 0.862333 2620 1.73282 1.168 1326.32 934.45 525.95 0.55 0.9 454910 0.6 7.69912e+07 6.15463e+07 0.769948 0.00141025 0.000110291 0.00594266 0.000412191 0.20811 0.00440799 3.61144e-07 1.38875e-06 0.00965382 2.97304e-07 1.3976e-06 2.91823e-07 3.64053e-09 3.66199e-07 8.73699e-12 2.61654e-13 3.174e-15 2.01548e-12 9.91062e-12 8.75066e-09 1.81492e-18 4.11542e-08 1.80063e-12 1.07199e-08 4.95134e-09 4.75944e-09 3.44041e-11 3.63452e-17 
0.0519719 2127.61 1788.76 2.71428 0.862333 2620 1.73242 1.168 1326.39 934.45 525.95 0.55 0.9 452280 0.6 7.41991e+07 5.43987e+07 0.76995 0.00138341 0.000106618 0.00576956 0.000390728 0.208524 0.00422518 3.6731e-07 1.35474e-06 0.00964703 2.55819e-07 1.37528e-06 2.93636e-07 3.78346e-09 3.87368e-07 9.08864e-12 2.49677e-13 3.09682e-15 1.80742e-12 8.87296e-12 7.0204e-09 1.52546e-18 3.67977e-08 1.85348e-12 9.90755e-09 4.74057e-09 4.06967e-09 3.12332e-11 3.39162e-17 
0.0521672 2093.45 1789.49 2.66925 0.862333 2620 1.73229 1.168 1326.45 934.45 525.95 0.55 0.9 447480 0.6 6.85993e+07 4.27138e+07 0.769952 0.00133243 9.94967e-05 0.00543187 0.000350871 0.209305 0.0038899 3.75835e-07 1.29082e-06 0.00963498 2.45123e-07 1.33954e-06 2.99531e-07 4.05169e-09 4.2815e-07 9.76644e-12 2.33593e-13 2.96554e-15 1.76462e-12 7.68485e-12 6.35242e-09 1.52723e-18 2.9987e-08 1.94399e-12 9.0494e-09 4.34602e-09 3.62886e-09 2.78967e-11 3.2478e-17 
0.0523625 2063.06 1789.28 2.62918 0.862333 2620 1.73259 1.168 1326.44 934.45 525.95 0.55 0.9 443147 0.6 6.30234e+07 3.36013e+07 0.769954 0.00128492 9.27971e-05 0.00510637 0.00031508 0.210029 0.00358956 3.8066e-07 1.23088e-06 0.00962443 2.49182e-07 1.31164e-06 3.07041e-07 4.30288e-09 4.67607e-07 1.04209e-11 2.21708e-13 2.84575e-15 1.78842e-12 6.87548e-12 6.12563e-09 1.62136e-18 2.47754e-08 2.01854e-12 8.4444e-09 3.98767e-09 3.37324e-09 2.5699e-11 3.18094e-17 
0.0525578 2035.88 1788.33 2.59335 0.862333 2620 1.73323 1.168 1326.35 934.45 525.95 0.55 0.9 439224 0.6 5.7617e+07 2.64509e+07 0.769957 0.0012408 8.6564e-05 0.00479586 0.000283186 0.210697 0.00332079 3.82341e-07 1.17374e-06 0.00961515 2.57386e-07 1.28909e-06 3.1544e-07 4.53612e-09 5.05409e-07 1.10419e-11 2.12305e-13 2.7311e-15 1.83237e-12 6.28544e-12 6.0219e-09 1.74822e-18 2.07168e-08 2.07674e-12 7.96719e-09 3.66422e-09 3.18609e-09 2.41426e-11 3.14367e-17 
0.0527531 2011.51 1786.8 2.56122 0.862333 2620 1.73477 1.168 1326.22 934.45 525.95 0.55 0.9 435670 0.6 5.24805e+07 2.08016e+07 0.76996 0.00119995 8.08161e-05 0.00450304 0.000254944 0.21131 0.00308062 3.81405e-07 1.11901e-06 0.00960694 2.67614e-07 1.27023e-06 3.24265e-07 4.7507e-09 5.41248e-07 1.16206e-11 2.04492e-13 2.61947e-15 1.88564e-12 5.84319e-12 5.98239e-09 1.89581e-18 1.75166e-08 2.11881e-12 7.57108e-09 3.37373e-09 3.03917e-09 2.3019e-11 3.12053e-17 
0.0531438 1970.48 1782.37 2.50711 0.862333 2620 1.73912 1.168 1325.82 934.45 525.95 0.55 0.9 429592 0.6 4.338e+07 1.30686e+07 0.769965 0.00112745 7.07533e-05 0.00397868 0.00020839 0.212374 0.00267782 3.73125e-07 1.01652e-06 0.00959341 2.91623e-07 1.24004e-06 3.41726e-07 5.1153e-09 6.04796e-07 1.26042e-11 1.91519e-13 2.40132e-15 2.00015e-12 5.25551e-12 6.01918e-09 2.22753e-18 1.29489e-08 2.15461e-12 6.93037e-09 2.88295e-09 2.82115e-09 2.16454e-11 3.08277e-17 
0.053925 1909.17 1770.09 2.42631 0.862333 2620 1.74607 1.168 1324.71 934.45 525.95 0.55 0.9 420328 0.6 2.90992e+07 5.69478e+06 0.769974 0.00101306 5.55168e-05 0.00315087 0.000144425 0.21399 0.00209476 3.44092e-07 8.40915e-07 0.00957381 3.46318e-07 1.19214e-06 3.73648e-07 5.64464e-09 7.04686e-07 1.39598e-11 1.71076e-13 2.01086e-15 2.21176e-12 4.66285e-12 6.28003e-09 2.96395e-18 7.81886e-09 2.09644e-12 5.96389e-09 2.17692e-09 2.52852e-09 2.06145e-11 2.99248e-17 
0.0547062 1862.16 1755.87 2.36454 0.862333 2620 1.75383 1.168 1323.41 934.45 525.95 0.55 0.9 413129 0.6 1.86302e+07 2.32818e+06 0.769981 0.000925659 4.44378e-05 0.00250827 0.000102485 0.215198 0.00167692 3.08501e-07 6.92123e-07 0.00955906 4.06951e-07 1.14336e-06 4.0287e-07 6.00376e-09 7.81164e-07 1.46822e-11 1.54188e-13 1.68158e-15 2.38854e-12 4.38895e-12 6.6397e-09 3.78825e-18 5.05527e-09 1.93255e-12 5.18521e-09 1.68854e-09 2.30996e-09 2.0563e-11 2.87891e-17 
0.0554875 1824.72 1740.91 2.31549 0.862333 2620 1.76609 1.168 1322.01 934.45 525.95 0.55 0.9 407354 0.6 1.13152e+07 669973 0.769987 0.00085832 3.62776e-05 0.0020102 7.43762e-05 0.216114 0.00136869 2.72424e-07 5.68424e-07 0.00954751 4.69597e-07 1.09077e-06 4.29096e-07 6.22774e-09 8.37363e-07 1.48658e-11 1.39725e-13 1.41241e-15 2.52015e-12 4.26472e-12 7.0295e-09 4.6418e-18 3.43982e-09 1.71684e-12 4.52985e-09 1.34251e-09 2.12798e-09 2.09791e-11 2.74876e-17 
0.05705 1769.84 1710.48 2.24393 0.862333 2620 1.78272 1.168 1319.09 934.45 525.95 0.55 0.9 398865 0.6 3.37375e+06 -306981 0.769995 0.000768818 2.61195e-05 0.00136584 4.33539e-05 0.217288 0.000977428 2.15042e-07 3.9829e-07 0.00953142 5.87823e-07 9.89611e-07 4.73107e-07 6.44953e-09 9.11513e-07 1.44505e-11 1.18616e-13 1.05022e-15 2.66417e-12 4.20369e-12 7.69948e-09 6.1914e-18 1.84483e-09 1.32146e-12 3.56726e-09 9.27548e-10 1.83826e-09 2.23062e-11 2.51606e-17 
0.0586125 1726.41 1680.77 2.18762 0.862333 2620 1.79925 1.168 1316.13 934.45 525.95 0.55 0.9 392153 0.6 -649817 -705671 0.770001 0.000709586 1.96125e-05 0.000941803 2.62974e-05 0.218059 0.000719331 1.68165e-07 2.78897e-07 0.00951963 7.03496e-07 8.82251e-07 5.13168e-07 6.48456e-09 9.55258e-07 1.33189e-11 1.02267e-13 8.01299e-16 2.70354e-12 4.25886e-12 8.31233e-09 7.60161e-18 1.06463e-09 9.67571e-13 2.83341e-09 6.72559e-10 1.58855e-09 2.40882e-11 2.29821e-17 
0.060175 1689.75 1652.28 2.14034 0.862333 2620 1.82316 1.168 1313.19 934.45 525.95 0.55 0.9 386501 0.6 -2.70806e+06 -802428 0.770006 0.000669372 1.51793e-05 0.000657331 1.63761e-05 0.218582 0.000539608 1.31047e-07 1.95146e-07 0.00951064 8.16016e-07 7.75356e-07 5.5129e-07 6.40827e-09 9.79736e-07 1.18629e-11 8.91661e-14 6.24467e-16 2.66333e-12 4.37867e-12 8.83901e-09 8.76227e-18 6.4383e-10 6.84968e-13 2.26595e-09 5.04529e-10 1.3656e-09 2.62046e-11 2.09774e-17 
0.0633 1629.12 1599.27 2.06266 0.862333 2620 1.86218 1.168 1307.43 934.45 525.95 0.55 0.9 377195 0.6 -3.91297e+06 -580655 0.770011 0.000625216 1.01035e-05 0.00035853 7.25294e-06 0.219157 0.000328072 8.54862e-08 1.0457e-07 0.00949872 1.03328e-06 6.02352e-07 6.27562e-07 6.27333e-09 1.0286e-06 9.50091e-12 7.18923e-14 4.22118e-16 2.47747e-12 4.72644e-12 9.37929e-09 1.01907e-17 2.7317e-10 3.58586e-13 1.53776e-09 3.17693e-10 1.00474e-09 3.11833e-11 1.80486e-17 
0.0680875 1550.4 1525.68 1.96236 0.862333 2620 1.90843 1.168 1298.77 934.45 525.95 0.55 0.9 365050 0.6 -3.60229e+06 -405294 0.770016 0.000595531 5.87878e-06 0.000166279 2.23701e-06 0.219562 0.000159685 4.52216e-08 4.34198e-08 0.00948804 1.37292e-06 4.03611e-07 7.54297e-07 5.96161e-09 1.08443e-06 6.55528e-12 5.24909e-14 2.47207e-16 2.00708e-12 5.55835e-12 9.24157e-09 9.9386e-18 8.14614e-11 1.24407e-13 8.68643e-10 1.70662e-10 5.80037e-10 4.19526e-11 1.39874e-17 
0.072875 1480.52 1458.73 1.87362 0.862333 2620 1.95471 1.168 1290.18 934.45 525.95 0.55 0.9 354105 0.6 -2.65491e+06 -99193.9 0.770019 0.000583457 3.2517e-06 8.98063e-05 5.99287e-07 0.219746 7.21073e-05 2.03455e-08 1.79101e-08 0.00948213 1.70455e-06 2.58435e-07 8.92971e-07 5.20609e-09 1.04594e-06 3.94891e-12 3.43955e-14 1.28392e-16 1.4629e-12 6.7967e-12 8.35443e-09 6.98035e-18 2.23185e-11 3.24441e-14 4.45567e-10 8.7207e-11 2.82237e-10 5.83746e-11 9.41605e-18 
0.0776625 1413.65 1394.54 1.79373 0.86 2620 1.69998 1.15014 1281.23 986.375 683 0.55 0.9 375903 0.6 -1.65698e+06 -769116 0.77002 0.000578995 1.60406e-06 6.14596e-05 1.28496e-07 0.219826 2.83339e-05 7.2679e-09 7.79419e-09 0.00947922 1.99569e-06 1.67035e-07 1.05229e-06 4.10989e-09 9.14568e-07 2.17142e-12 1.91224e-14 5.46469e-17 1.1919e-12 8.65826e-12 7.15535e-09 3.66802e-18 5.04424e-12 6.49569e-15 1.95784e-10 3.95415e-11 1.12175e-10 8.51955e-11 5.27589e-18 
0.0800562 1380.55 1361.52 1.75169 0.86 2620 1.72192 1.15014 1276.34 986.375 683 0.55 0.9 370035 0.6 -1.18212e+06 -34928.6 0.77002 0.000577953 9.95229e-07 5.38809e-05 4.81418e-08 0.219849 1.55388e-05 3.44081e-09 4.78673e-09 0.00947837 2.10893e-06 1.33718e-07 1.13381e-06 3.28592e-09 7.6986e-07 1.43784e-12 1.2221e-14 2.92421e-17 1.27396e-12 1.00591e-11 6.63147e-09 2.23303e-18 2.00137e-12 2.38492e-15 1.12185e-10 2.34501e-11 6.15067e-11 1.06542e-10 3.36967e-18 
0.08245 1347.92 1329.04 1.71026 0.86 2620 1.74456 1.15014 1271.33 986.375 683 0.55 0.9 364191 0.6 -798254 175077 0.77002 0.000577457 5.81865e-07 4.99002e-05 1.71236e-08 0.219862 7.98926e-06 1.46194e-09 2.90604e-09 0.00947789 2.19087e-06 1.13035e-07 1.21474e-06 2.49408e-09 6.16467e-07 9.56323e-13 7.11805e-15 1.44545e-17 1.63453e-12 1.20514e-11 6.23905e-09 1.29207e-18 7.33585e-13 9.32471e-16 5.97154e-11 1.30809e-11 3.18923e-11 1.37783e-10 1.97277e-18 
0.0848437 1315.38 1296.4 1.66896 0.86 2620 1.76842 1.15014 1266.09 986.375 683 0.55 0.9 358300 0.6 -407904 375194 0.77002 0.000577243 3.18517e-07 4.7886e-05 6.00989e-09 0.219869 3.82078e-06 5.55172e-10 1.71497e-09 0.00947764 2.24536e-06 1.02629e-07 1.291e-06 1.79271e-09 4.69133e-07 6.48635e-13 3.72805e-15 6.84507e-18 2.40117e-12 1.50484e-11 5.99677e-09 7.42351e-19 2.4685e-13 4.35004e-16 2.92264e-11 6.8149e-12 1.57686e-11 1.86288e-10 1.06463e-18 
0.0872375 1282.4 1262.99 1.62711 0.86 2620 1.80767 1.15014 1260.51 986.375 683 0.55 0.9 352264 0.6 230089 465695 0.77002 0.000577159 1.62137e-07 4.69092e-05 2.17705e-09 0.219872 1.68387e-06 1.89017e-10 9.77625e-10 0.00947751 2.27903e-06 1.00762e-07 1.35647e-06 1.22041e-09 3.39621e-07 4.51615e-13 1.74134e-15 3.40153e-18 3.75504e-12 1.96227e-11 5.88568e-09 4.5788e-19 7.55226e-14 2.57658e-16 1.29806e-11 3.28992e-12 7.57818e-12 2.64078e-10 5.54572e-19 
0.092025 1214.18 1193.19 1.54055 0.86 2620 1.86059 1.15014 1248.07 986.375 683 0.55 0.9 339559 0.6 4.3551e+06 -2.05755e+06 0.77002 0.000577129 4.46818e-08 4.63705e-05 4.4572e-10 0.219874 3.36286e-07 3.09754e-11 3.73619e-10 0.00947736 2.30948e-06 1.17657e-07 1.50335e-06 6.5307e-10 2.05445e-07 3.06442e-13 4.35746e-16 2.18968e-18 8.55052e-12 3.46129e-11 5.92658e-09 4.61705e-19 7.11497e-15 1.56381e-16 2.60322e-12 8.04031e-13 2.54845e-12 5.60049e-10 3.00062e-19 
0.1016 1214.18 1133.6 1.54055 0.86 2620 1.8865 1.15014 1236.59 986.375 683 0.55 0.9 339559 0.6 7.5514e+07 709109 0.77002 0.000577129 4.46818e-08 4.63705e-05 4.4572e-10 0.219874 3.36286e-07 3.09754e-11 3.73619e-10 0.00947736 2.30948e-06 1.17657e-07 1.50335e-06 6.5307e-10 2.05445e-07 3.06442e-13 4.35746e-16 2.18968e-18 8.55052e-12 3.46129e-11 5.92658e-09 4.61705e-19 7.11497e-15 1.56381e-16 2.60322e-12 8.04031e-13 2.54845e-12 5.60049e-10 3.00062e-19 
