#x Tg Ts u porosity solidDensity effectiveSolidHeatConductivity tortuosity_factor solidHeatCapacity specificArea extinctionCoefficient scatteringAlbedo emissivity hv insulationTransmissivity divq divSolidHeatConduction N2 H2 H O2 O H2O OH H2O2 HO2 NO N2O NO2 HNO HNO2 HONO HONO2 N2H2 H2NN NH2OH HNOH NH3 N2H4 N NO3 NH NNH NH2 H2NO N2H3 
0 300 300 0.386296 0.824933 4320 0.378808 1.343 574.643 1591.82 1340.4 0.55 0.9 317614 0.6 -10.6009 -31424.8 0.658284 1.8981e-19 -1.26959e-19 0.199873 -2.80062e-18 2.65358e-22 -1.97262e-21 -2.04607e-18 -8.89727e-21 1.38955e-20 1.05761e-18 2.68245e-22 -1.97988e-17 9.65656e-18 1.49766e-18 4.04897e-22 -2.91314e-18 1.42452e-22 4.44656e-19 1.03231e-22 0.141843 2.16069e-18 3.26139e-18 -9.97746e-25 5.01866e-25 1.48825e-35 -4.26322e-21 1.60659e-17 -2.90355e-18 
0.01915 300.034 300.036 0.38634 0.824933 4320 0.378756 1.343 574.687 1591.82 1340.4 0.55 0.9 317633 0.6 -179.961 -495.362 0.658284 4.54436e-18 -6.90516e-25 0.199873 5.78506e-19 1.20648e-19 2.6859e-24 -2.05697e-18 -4.20734e-18 6.59717e-18 1.05757e-18 1.52365e-19 -1.97679e-17 9.65654e-18 1.49766e-18 4.04897e-22 -2.91313e-18 4.39958e-21 4.44656e-19 1.0323e-22 0.141843 3.56672e-18 1.86647e-19 -1.00585e-24 1.43542e-22 7.08883e-33 -1.25775e-18 1.60496e-17 -2.90353e-18 
0.028725 300.212 300.234 0.386569 0.824933 4320 0.378571 1.343 574.925 1591.82 1340.4 0.55 0.9 317737 0.6 -1159.95 -5975.13 0.658284 2.11991e-16 -1.1212e-27 0.199873 6.89773e-19 1.97391e-19 3.4184e-24 -1.36599e-18 -5.55288e-18 6.95144e-18 1.05755e-18 2.78983e-19 -1.97525e-17 9.65653e-18 1.49766e-18 4.04897e-22 -2.91313e-18 7.3158e-21 4.44656e-19 1.0323e-22 0.141843 4.73376e-18 1.99128e-20 -1.01378e-24 2.3127e-22 1.51204e-32 -2.33996e-18 1.60415e-17 -2.90355e-18 
0.0335125 300.742 300.876 0.387251 0.824933 4320 0.378167 1.343 575.694 1591.82 1340.4 0.55 0.9 318045 0.6 -4497.08 -38313.9 0.658284 5.20555e-15 -1.32043e-27 0.199873 6.66429e-19 2.40348e-19 3.67786e-24 -8.63615e-19 -6.53048e-18 6.9849e-18 1.05754e-18 3.56826e-19 -1.97447e-17 9.65652e-18 1.49766e-18 4.04897e-22 -2.91312e-18 8.9399e-21 4.44656e-19 1.03245e-22 0.141843 5.45794e-18 3.69384e-21 -1.0186e-24 2.75358e-22 1.8623e-32 -3.01636e-18 1.60374e-17 -2.90357e-18 
0.0359063 301.624 302.068 0.388387 0.824933 4320 0.377214 1.343 577.116 1591.82 1340.4 0.55 0.9 318557 0.6 -12202.1 -130022 0.658284 6.64169e-14 -1.41781e-27 0.199873 6.46141e-19 3.25951e-19 4.11978e-24 -5.77722e-19 -7.08647e-18 6.98995e-18 1.05754e-18 3.99883e-19 -1.97408e-17 9.65651e-18 1.49766e-18 4.04897e-22 -2.91308e-18 9.76642e-21 4.44656e-19 1.03952e-22 0.141843 5.86578e-18 1.09756e-21 -1.02134e-24 2.94318e-22 2.09898e-32 -3.24277e-18 1.60355e-17 -2.90357e-18 
0.0383 304.028 305.238 0.391482 0.824933 4320 0.375457 1.343 580.859 1591.82 1340.4 0.55 0.9 319953 0.6 -37052.4 -353312 0.658284 1.08073e-12 -1.49647e-27 0.199873 6.17053e-19 3.89729e-18 5.40369e-24 -2.66578e-19 -7.6752e-18 6.99678e-18 1.05762e-18 4.48311e-19 -1.97367e-17 9.65651e-18 1.49766e-18 4.04897e-22 -2.91074e-18 1.05385e-20 4.44672e-19 1.46573e-22 0.141843 6.34475e-18 2.81371e-22 -1.02417e-24 3.03932e-22 2.33003e-32 2.1912e-18 1.60388e-17 -2.90357e-18 
0.0398625 307.54 310.226 0.396005 0.824933 4320 0.372275 1.343 586.632 1591.82 1340.4 0.55 0.9 321995 0.6 -94132.8 -782512 0.658284 1.01838e-11 -1.52497e-27 0.199873 5.90313e-19 1.1194e-16 7.48229e-24 -4.72554e-20 -7.56997e-18 7.18163e-18 1.06126e-18 4.9612e-19 -1.97331e-17 9.65651e-18 1.4978e-18 4.049e-22 -2.83511e-18 1.09033e-20 4.45211e-19 1.52322e-21 0.141843 6.74732e-18 7.90348e-23 -1.01989e-24 2.99623e-22 2.503e-32 1.19668e-16 1.62083e-17 -2.9029e-18 
0.041425 314.86 320.388 0.405431 0.824933 4320 0.366065 1.343 597.971 1591.82 1340.4 0.55 0.9 326251 0.6 -262639 -1.58202e+06 0.658284 1.09129e-10 -1.48683e-27 0.199873 5.51886e-19 4.03084e-15 1.28481e-23 6.45232e-19 1.12692e-17 1.42891e-17 1.24548e-18 1.14856e-18 -1.96979e-17 9.65663e-18 1.50403e-18 4.05068e-22 8.00428e-20 1.09294e-20 4.66076e-19 5.4541e-20 0.141843 9.19123e-18 1.1173e-23 -7.03676e-25 2.78951e-22 3.35974e-32 2.94576e-15 2.27833e-17 -2.8718e-18 
0.0429875 330.076 341.273 0.425023 0.824933 4320 0.3545 1.343 619.57 1591.82 1340.4 0.55 0.9 335100 0.6 -760953 -3.06517e+06 0.658284 1.14626e-09 8.68228e-27 0.199873 6.66554e-19 1.39753e-13 3.24651e-23 1.8956e-17 7.11403e-16 2.76795e-16 1.01605e-17 2.78414e-17 -1.85226e-17 9.66245e-18 1.77531e-18 4.13329e-22 1.08172e-16 1.03588e-20 1.24311e-18 2.01576e-18 0.141843 1.07954e-16 -4.68107e-24 1.48748e-23 3.56419e-22 8.68671e-31 6.81551e-14 2.66048e-16 -1.47884e-18 
0.04455 361.63 383.949 0.465654 0.824933 4320 0.341689 1.343 657.256 1591.82 1340.4 0.55 0.9 353446 0.6 -2.20864e+06 -5.82479e+06 0.658284 1.12827e-08 6.65908e-24 0.199873 5.58272e-18 4.43608e-12 3.13393e-22 6.34923e-16 2.43397e-14 9.25493e-15 4.07469e-16 1.09402e-15 2.12234e-17 9.89817e-18 1.26705e-17 7.86471e-22 3.82699e-15 3.24025e-20 2.80192e-17 6.91471e-17 0.141843 4.58777e-15 -3.7499e-24 7.16577e-22 9.3526e-21 4.48905e-28 1.46318e-12 8.59288e-15 5.60233e-17 
0.0453313 387.191 421.694 0.498568 0.824933 4320 0.328847 1.343 684.363 1591.82 1340.4 0.55 0.9 368273 0.6 -4.34128e+06 -8.74056e+06 0.658284 4.82715e-08 5.50661e-22 0.199873 5.25648e-17 5.28841e-11 5.63635e-21 8.18467e-15 3.12169e-13 1.20166e-13 6.74884e-15 1.64003e-14 5.08521e-16 1.33008e-17 1.69719e-16 6.81041e-21 5.0127e-14 1.07781e-18 3.60969e-16 8.98397e-16 0.141843 7.78122e-14 -1.57223e-24 1.20087e-20 3.40718e-19 4.4103e-26 1.23252e-11 1.11449e-13 9.07677e-16 
0.0461125 426.619 477.136 0.549338 0.824933 4320 0.312985 1.343 715.64 1591.82 1340.4 0.55 0.9 391033 0.6 -8.72926e+06 -1.16252e+07 0.658284 2.27873e-07 7.80716e-20 0.199873 5.96015e-16 7.32563e-10 2.73106e-19 1.2482e-13 4.73111e-12 1.8471e-12 1.32978e-13 2.9122e-13 8.04061e-15 7.46662e-17 3.00141e-15 1.27835e-19 7.77906e-13 4.49583e-17 5.57404e-15 1.37987e-14 0.141843 1.56938e-12 2.69994e-25 2.38269e-19 1.14098e-17 5.76183e-24 1.20339e-10 1.71142e-12 1.6677e-14 
0.0468937 486.499 558.058 0.626449 0.824933 4320 0.294544 1.343 747.921 1591.82 1340.4 0.55 0.9 425242 0.6 -1.7184e+07 -1.41011e+07 0.658283 1.02948e-06 1.36576e-17 0.199872 7.22695e-15 9.19914e-09 1.84768e-17 1.75583e-12 6.61224e-11 2.61951e-11 2.38952e-12 4.72451e-12 1.1354e-13 1.0705e-15 4.89433e-14 2.30581e-18 1.116e-11 1.5472e-15 7.9405e-14 1.95383e-13 0.141843 2.86362e-11 5.14377e-23 4.30251e-18 4.2372e-16 6.27332e-22 1.09636e-09 2.42178e-11 2.79394e-13 
0.047675 575.475 673.267 0.741049 0.824933 4320 0.274688 1.343 777.844 1591.82 1340.4 0.55 0.9 475060 0.6 -3.2065e+07 -1.48424e+07 0.658282 4.25658e-06 2.55178e-15 0.199872 1.14445e-13 1.00272e-07 1.17247e-15 2.19152e-11 8.17585e-10 3.29775e-10 3.77097e-11 6.71429e-11 1.43255e-12 1.52612e-14 7.03234e-13 3.65209e-17 1.42462e-10 3.97753e-14 1.00301e-12 2.45748e-12 0.141842 4.42953e-10 5.58739e-21 6.84632e-17 1.68012e-14 5.43611e-20 8.94188e-09 3.03314e-10 4.12364e-12 
0.0484562 701.819 829.783 0.903869 0.824933 4320 0.260146 1.343 806.957 1591.82 1340.4 0.55 0.9 543364 0.6 -5.42691e+07 -1.54186e+07 0.658276 1.58505e-05 3.45179e-13 0.19987 3.28654e-12 9.31754e-07 7.35455e-14 2.38218e-10 8.5587e-09 3.62446e-09 5.13751e-10 8.1275e-10 1.68283e-11 1.90089e-13 8.75339e-12 4.97979e-16 1.5918e-09 7.7297e-13 1.10503e-11 2.72346e-11 0.141837 5.33738e-09 6.52299e-19 9.79657e-16 6.4806e-13 4.20556e-18 6.463e-08 3.2802e-09 5.27922e-11 
0.0488469 778.496 925.981 1.00282 0.824933 4320 0.25281 1.343 821.953 1591.82 1340.4 0.55 0.9 583381 0.6 -7.0013e+07 -1.69735e+07 0.658268 3.26644e-05 4.84645e-12 0.199867 4.60028e-11 3.72204e-06 1.23511e-12 1.05802e-09 3.2458e-08 1.68517e-08 2.86022e-09 3.95151e-09 1.04675e-10 9.83396e-13 4.51469e-11 2.76876e-15 7.53922e-09 5.72098e-12 5.15606e-11 1.33465e-10 0.141829 2.29281e-08 2.29277e-17 6.89095e-15 8.73324e-12 6.74127e-17 2.19462e-07 1.4508e-08 2.76017e-10 
0.0490422 821.139 979.317 1.05796 0.824933 4320 0.247868 1.343 828.427 1591.82 1340.4 0.55 0.9 605211 0.6 -7.98799e+07 -1.82405e+07 0.65826 4.88386e-05 2.0871e-11 0.199863 2.11994e-10 8.95035e-06 6.69215e-12 2.69417e-09 6.99095e-08 4.59326e-08 9.06889e-09 1.11442e-08 3.7106e-10 2.93294e-12 1.33973e-10 8.76101e-15 2.09393e-08 2.20205e-11 1.41118e-10 3.86386e-10 0.141818 5.89806e-08 2.46201e-16 2.73519e-14 4.6413e-11 3.7632e-16 4.70787e-07 3.7479e-08 8.22224e-10 
0.0492375 867.743 1036.52 1.11834 0.824933 4320 0.24297 1.343 832.706 1591.82 1340.4 0.55 0.9 628760 0.6 -9.06458e+07 -1.74273e+07 0.658247 7.42882e-05 8.66704e-11 0.199857 9.17875e-10 2.32274e-05 3.65548e-11 7.4105e-09 1.56459e-07 1.3763e-07 3.2221e-08 3.48628e-08 1.43301e-09 9.73166e-12 4.41258e-10 3.10156e-14 6.42235e-08 9.84858e-11 4.24947e-10 1.23601e-09 0.141797 1.71477e-07 2.66831e-15 1.19197e-13 2.34076e-10 2.37646e-15 1.07777e-06 1.05526e-07 2.71667e-09 
0.0494328 918.316 1097.62 1.18408 0.824933 4320 0.239363 1.343 836.507 1591.82 1340.4 0.55 0.9 654005 0.6 -1.01675e+08 -1.78907e+07 0.658226 0.000113743 3.38654e-10 0.199843 3.705e-09 6.10622e-05 1.89382e-10 1.99949e-08 3.34067e-07 4.17158e-07 1.15839e-07 1.09268e-07 5.64322e-09 3.27576e-11 1.46472e-09 1.108e-13 2.00187e-07 4.65988e-10 1.29409e-09 4.00851e-09 0.141752 4.99047e-07 2.83958e-14 5.2529e-13 1.13248e-09 1.56858e-14 2.52233e-06 2.94745e-07 8.95452e-09 
0.0495305 944.999 1129.7 1.21889 0.824933 4320 0.236955 1.343 838.419 1591.82 1340.4 0.55 0.9 667240 0.6 -1.07357e+08 -1.98811e+07 0.658212 0.000141778 6.98502e-10 0.199829 7.77225e-09 0.000103158 4.49278e-10 3.30988e-08 4.79895e-07 7.66774e-07 2.38418e-07 2.02356e-07 1.23438e-08 6.47158e-11 2.83901e-09 2.27022e-13 3.76237e-07 1.11964e-09 2.38037e-09 7.55651e-09 0.141707 8.70094e-07 1.0988e-13 1.23564e-12 2.74933e-09 4.46706e-14 4.00142e-06 5.03403e-07 1.69845e-08 
0.0496281 972.875 1162.9 1.25538 0.824933 4320 0.234559 1.343 840.337 1591.82 1340.4 0.55 0.9 681023 0.6 -1.12853e+08 -1.99579e+07 0.658192 0.000177255 1.43099e-09 0.199804 1.61009e-08 0.000178428 1.06179e-09 5.55499e-08 6.87171e-07 1.45586e-06 5.14482e-07 3.86726e-07 2.77139e-08 1.33405e-10 5.70879e-09 4.86383e-13 7.32979e-07 2.81094e-09 4.51607e-09 1.45451e-08 0.141635 1.56254e-06 4.20095e-13 2.98656e-12 6.53901e-09 1.34957e-13 6.4602e-06 8.76657e-07 3.32134e-08 
0.0497258 1001.99 1197.26 1.29365 0.824933 4320 0.232777 1.343 842.258 1591.82 1340.4 0.55 0.9 695386 0.6 -1.17921e+08 -2.14277e+07 0.658169 0.000221952 2.92159e-09 0.199761 3.28977e-08 0.000311536 2.49454e-09 9.27838e-08 9.73297e-07 2.79279e-06 1.12768e-06 7.41379e-07 6.24032e-08 2.79226e-10 1.15693e-08 1.05418e-12 1.44592e-06 7.15902e-09 8.63271e-09 2.78416e-08 0.141514 2.80882e-06 1.57872e-12 7.13673e-12 1.52152e-08 4.21985e-13 1.0513e-05 1.52419e-06 6.48949e-08 
0.0497746 1017.04 1214.9 1.31351 0.824933 4320 0.231586 1.343 843.219 1591.82 1340.4 0.55 0.9 702784 0.6 -1.2027e+08 -2.4067e+07 0.658156 0.000248791 4.24079e-09 0.199726 4.75169e-08 0.000416464 3.87789e-09 1.19961e-07 1.15656e-06 3.92674e-06 1.71335e-06 1.03508e-06 9.56644e-08 4.13182e-10 1.67159e-08 1.58654e-12 2.06659e-06 1.17052e-08 1.20856e-08 3.86429e-08 0.141423 3.77418e-06 3.17874e-12 1.11978e-11 2.35661e-08 7.70724e-13 1.35321e-05 2.01567e-06 9.12005e-08 
0.0498234 1032.49 1232.87 1.33397 0.824933 4320 0.230395 1.343 844.181 1591.82 1340.4 0.55 0.9 710385 0.6 -1.22394e+08 -2.55624e+07 0.658143 0.000279056 6.1586e-09 0.199677 6.85665e-08 0.000560725 6.04298e-09 1.55536e-07 1.37585e-06 5.57819e-06 2.6481e-06 1.456e-06 1.47947e-07 6.20179e-10 2.44113e-08 2.42125e-12 2.98695e-06 1.93484e-08 1.70679e-08 5.38178e-08 0.141301 5.10093e-06 6.39408e-12 1.76825e-11 3.64098e-08 1.4351e-12 1.75016e-05 2.67642e-06 1.28993e-07 
0.0498723 1048.4 1251.21 1.3551 0.824933 4320 0.229204 1.343 845.144 1591.82 1340.4 0.55 0.9 718214 0.6 -1.24223e+08 -2.73937e+07 0.65813 0.00031314 8.96113e-09 0.199606 9.87543e-08 0.000758336 9.44202e-09 2.01692e-07 1.63816e-06 7.97036e-06 4.13225e-06 2.05187e-06 2.29568e-07 9.37862e-10 3.58077e-08 3.71678e-12 4.34315e-06 3.21629e-08 2.42025e-08 7.4903e-08 0.141138 6.89993e-06 1.2858e-11 2.78239e-11 5.60134e-08 2.70939e-12 2.27065e-05 3.55585e-06 1.82579e-07 
0.0499211 1064.81 1269.92 1.37698 0.824933 4320 0.228012 1.343 846.109 1591.82 1340.4 0.55 0.9 726298 0.6 -1.25671e+08 -2.96286e+07 0.658121 0.000351481 1.30623e-08 0.199505 1.41897e-07 0.00102801 1.47924e-08 2.60985e-07 1.95264e-06 1.14159e-05 6.47565e-06 2.88342e-06 3.56139e-07 1.42122e-09 5.24958e-08 5.70425e-12 6.32764e-06 5.35239e-08 3.43342e-08 1.03876e-07 0.140921 9.30022e-06 2.58061e-11 4.33205e-11 8.57132e-08 5.16299e-12 2.95164e-05 4.7131e-06 2.57423e-07 
0.0499699 1081.81 1289.04 1.39974 0.824933 4320 0.226818 1.343 847.075 1591.82 1340.4 0.55 0.9 734677 0.6 -1.26637e+08 -3.23404e+07 0.658117 0.000394555 1.90695e-08 0.199362 2.03341e-07 0.00139458 2.32412e-08 3.36311e-07 2.33109e-06 1.63491e-05 1.01538e-05 4.02477e-06 5.50988e-07 2.14851e-09 7.66115e-08 8.71031e-12 9.20871e-06 8.88285e-08 4.85901e-08 1.43231e-07 0.14063 1.24426e-05 5.1639e-11 6.63784e-11 1.30402e-07 9.89598e-12 3.84116e-05 6.21662e-06 3.6018e-07 
0.0500188 1099.51 1308.6 1.42354 0.824933 4320 0.22562 1.343 848.044 1591.82 1340.4 0.55 0.9 743401 0.6 -1.26999e+08 -3.5607e+07 0.658126 0.000442887 2.78802e-08 0.199158 2.90607e-07 0.00189085 3.66412e-08 4.30795e-07 2.78869e-06 2.33689e-05 1.58898e-05 5.56147e-06 8.48525e-07 3.22688e-09 1.1092e-07 1.31779e-11 1.33546e-05 1.46532e-07 6.8447e-08 1.96057e-07 0.140244 1.64665e-05 1.02999e-10 9.96436e-11 1.97263e-07 1.90292e-11 5.00188e-05 8.14202e-06 4.98544e-07 
0.0500676 1118.04 1328.65 1.44859 0.824933 4320 0.224417 1.343 849.016 1591.82 1340.4 0.55 0.9 752537 0.6 -1.26609e+08 -3.95077e+07 0.658154 0.000497049 4.08301e-08 0.198869 4.14351e-07 0.00255982 5.80194e-08 5.47582e-07 3.34467e-06 3.32936e-05 2.47728e-05 7.58476e-06 1.29882e-06 4.79524e-09 1.58826e-07 1.96734e-11 1.92613e-05 2.39569e-07 9.57987e-08 2.66095e-07 0.139731 2.1487e-05 2.04881e-10 1.45936e-10 2.96896e-07 3.66411e-11 6.51596e-05 1.05675e-05 6.80823e-07 
0.0501164 1137.61 1349.22 1.47518 0.824933 4320 0.223206 1.343 849.992 1591.82 1340.4 0.55 0.9 762174 0.6 -1.25289e+08 -4.4119e+07 0.658216 0.000557661 5.99226e-08 0.198459 5.89835e-07 0.00345742 9.23885e-08 6.8945e-07 4.02294e-06 4.72327e-05 3.84239e-05 1.018e-05 1.97374e-06 7.01874e-09 2.24234e-07 2.88599e-11 2.7583e-05 3.87169e-07 1.33013e-07 3.57807e-07 0.139051 2.75608e-05 4.06918e-10 2.07687e-10 4.451e-07 7.05553e-11 8.49172e-05 1.35658e-05 9.15116e-07 
0.0501652 1158.5 1370.37 1.50372 0.824933 4320 0.221985 1.343 850.974 1591.82 1340.4 0.55 0.9 772426 0.6 -1.22822e+08 -4.95063e+07 0.65833 0.000625392 8.81873e-08 0.197882 8.39199e-07 0.00465576 1.48175e-07 8.58199e-07 4.85284e-06 6.66771e-05 5.92243e-05 1.3408e-05 2.97492e-06 1.00667e-08 3.11122e-07 4.14014e-11 3.91607e-05 6.16958e-07 1.82957e-07 4.7643e-07 0.138153 3.46396e-05 8.08365e-10 2.86001e-10 6.65738e-07 1.35738e-10 0.000110727 1.71917e-05 1.20803e-06 
0.0502141 1181.06 1392.17 1.53472 0.824933 4320 0.220751 1.343 851.962 1591.82 1340.4 0.55 0.9 783444 0.6 -1.18947e+08 -5.57106e+07 0.658525 0.000700954 1.30243e-07 0.197072 1.19497e-06 0.0062467 2.3977e-07 1.05376e-06 5.86993e-06 9.36156e-05 9.06156e-05 1.72778e-05 4.44397e-06 1.40627e-08 4.22684e-07 5.77555e-11 5.50434e-05 9.6692e-07 2.48973e-07 6.28071e-07 0.136972 4.25138e-05 1.60956e-09 3.79364e-10 9.95387e-07 2.60731e-10 0.000144493 2.14652e-05 1.56293e-06 
0.0502629 1205.77 1414.69 1.56887 0.824933 4320 0.219503 1.343 852.959 1591.82 1340.4 0.55 0.9 795422 0.6 -1.13348e+08 -6.11562e+07 0.658843 0.000785096 1.93171e-07 0.195944 1.70545e-06 0.00834566 3.92167e-07 1.27295e-06 7.11721e-06 0.000130681 0.000137474 2.17133e-05 6.57473e-06 1.8999e-08 5.5989e-07 7.78243e-11 7.64923e-05 1.48617e-06 3.34746e-07 8.19847e-07 0.135426 5.07552e-05 3.21822e-09 4.82193e-10 1.49086e-06 4.99754e-10 0.00018874 2.63519e-05 1.97772e-06 
0.0503117 1233.26 1438.01 1.60708 0.824933 4320 0.21856 1.343 853.965 1591.82 1340.4 0.55 0.9 808602 0.6 -1.05671e+08 -6.82767e+07 0.659343 0.00087858 2.87847e-07 0.194384 2.44276e-06 0.011095 6.49293e-07 1.50801e-06 8.64697e-06 0.000181335 0.000206539 2.65191e-05 9.6266e-06 2.46212e-08 7.19423e-07 1.00532e-10 0.000104953 2.23225e-06 4.44029e-07 1.05991e-06 0.133411 5.86799e-05 6.45962e-09 5.83875e-10 2.24093e-06 9.55173e-10 0.000246781 3.17449e-05 2.44226e-06 
0.0503361 1248.36 1450 1.62816 0.824933 4320 0.217923 1.343 854.472 1591.82 1340.4 0.55 0.9 815769 0.6 -1.00847e+08 -7.44331e+07 0.659694 0.000929441 3.53797e-07 0.193379 2.94068e-06 0.0127899 8.4407e-07 1.62703e-06 9.54879e-06 0.000213678 0.000253106 2.89504e-05 1.16377e-05 2.74819e-08 8.04353e-07 1.12312e-10 0.000122515 2.71424e-06 5.09167e-07 1.20178e-06 0.132172 6.21989e-05 9.28411e-09 6.29114e-10 2.76645e-06 1.32573e-09 0.000282832 3.45791e-05 2.68597e-06 
0.0503605 1264.57 1462.23 1.65085 0.824933 4320 0.217279 1.343 854.982 1591.82 1340.4 0.55 0.9 823396 0.6 -9.53174e+07 -7.85962e+07 0.660134 0.000983042 4.35557e-07 0.192187 3.54724e-06 0.0147373 1.10266e-06 1.74412e-06 1.05574e-05 0.000251889 0.000310208 3.13355e-05 1.40537e-05 3.02429e-08 8.90609e-07 1.23736e-10 0.000142709 3.28085e-06 5.82241e-07 1.361e-06 0.130751 6.5215e-05 1.33806e-08 6.67179e-10 3.4246e-06 1.84249e-09 0.000324432 3.74724e-05 2.93344e-06 
0.050385 1282.05 1474.7 1.67537 0.824933 4320 0.21663 1.343 855.496 1591.82 1340.4 0.55 0.9 831538 0.6 -8.901e+07 -8.27481e+07 0.660682 0.00103947 5.37229e-07 0.190777 4.2874e-06 0.0169688 1.44808e-06 1.85602e-06 1.16842e-05 0.000296963 0.000379884 3.36029e-05 1.69418e-05 3.27469e-08 9.75271e-07 1.34138e-10 0.000165787 3.93716e-06 6.63658e-07 1.53981e-06 0.129125 6.755e-05 1.93557e-08 6.95035e-10 4.25155e-06 2.56277e-09 0.000372362 4.03861e-05 3.17959e-06 
0.0504094 1300.97 1487.45 1.70197 0.824933 4320 0.215974 1.343 856.013 1591.82 1340.4 0.55 0.9 840255 0.6 -8.18477e+07 -8.68113e+07 0.661359 0.0010988 6.63868e-07 0.189115 5.19223e-06 0.0195179 1.91204e-06 1.95883e-06 1.29419e-05 0.000350058 0.000464439 3.56723e-05 2.03786e-05 3.4815e-08 1.05472e-06 1.42797e-10 0.00019199 4.68523e-06 7.53676e-07 1.74088e-06 0.127267 6.9021e-05 2.81047e-08 7.09778e-10 5.29392e-06 3.56551e-09 0.000427475 4.32772e-05 3.41843e-06 
0.0504338 1321.52 1500.47 1.73093 0.824933 4320 0.215312 1.343 856.534 1591.82 1340.4 0.55 0.9 849611 0.6 -7.37474e+07 -9.06903e+07 0.662191 0.0011611 8.21734e-07 0.187162 6.2997e-06 0.02242 2.53859e-06 2.04812e-06 1.43438e-05 0.000412506 0.000566423 3.74576e-05 2.44492e-05 3.62619e-08 1.12474e-06 1.48991e-10 0.000221529 5.52247e-06 8.52339e-07 1.96728e-06 0.125151 6.94542e-05 4.09579e-08 7.08964e-10 6.61177e-06 4.95885e-09 0.000490686 4.60994e-05 3.6433e-06 
0.0504582 1343.9 1513.78 1.76254 0.824933 4320 0.214643 1.343 857.059 1591.82 1340.4 0.55 0.9 859669 0.6 -6.46202e+07 -9.42701e+07 0.663205 0.00122638 1.01858e-06 0.184877 7.65583e-06 0.0257119 3.38907e-06 2.11905e-06 1.59035e-05 0.000485841 0.000688577 3.88725e-05 2.92462e-05 3.69175e-08 1.18073e-06 1.52081e-10 0.000254569 6.44007e-06 9.59398e-07 2.22254e-06 0.122749 6.87029e-05 5.98954e-08 6.90997e-10 8.28234e-06 6.88983e-09 0.000562941 4.88059e-05 3.8472e-06 
0.0504826 1368.33 1527.4 1.79712 0.824933 4320 0.213966 1.343 857.588 1591.82 1340.4 0.55 0.9 870493 0.6 -5.43715e+07 -9.74147e+07 0.664433 0.00129465 1.26396e-06 0.182215 9.31588e-06 0.0294309 4.54924e-06 2.16664e-06 1.76341e-05 0.000571804 0.000833749 3.98366e-05 3.48671e-05 3.66543e-08 1.21811e-06 1.51614e-10 0.000291203 7.42153e-06 1.0742e-06 2.51058e-06 0.12003 6.66683e-05 8.78685e-08 6.55538e-10 1.04047e-05 9.55663e-09 0.00064518 5.1351e-05 4.02337e-06 
0.050507 1395.02 1541.33 1.83497 0.824933 4320 0.213283 1.343 858.121 1591.82 1340.4 0.55 0.9 882145 0.6 -4.29019e+07 -9.99668e+07 0.665908 0.00136586 1.56968e-06 0.179129 1.13455e-05 0.0336138 6.13923e-06 2.18616e-06 1.95461e-05 0.00067236 0.00100474 4.02819e-05 4.14102e-05 3.54149e-08 1.23284e-06 1.47418e-10 0.000331419 8.44185e-06 1.19558e-06 2.83556e-06 0.116966 6.3322e-05 1.29279e-07 6.03813e-10 1.31054e-05 1.32235e-08 0.000738279 5.36923e-05 4.16607e-06 
0.0505314 1424.21 1555.58 1.87644 0.824933 4320 0.212592 1.343 858.657 1591.82 1340.4 0.55 0.9 894679 0.6 -3.01071e+07 -1.01749e+08 0.667667 0.00143988 1.95018e-06 0.175571 1.38218e-05 0.0382954 8.32771e-06 2.17372e-06 2.16455e-05 0.000789683 0.0012041 4.01608e-05 4.89689e-05 3.32345e-08 1.22201e-06 1.39659e-10 0.000375061 9.46735e-06 1.32168e-06 3.20156e-06 0.113527 5.87255e-05 1.907e-07 5.3873e-10 1.65455e-05 1.82382e-08 0.000842969 5.5791e-05 4.27158e-06 
0.0505559 1456.1 1570.17 1.92184 0.824933 4320 0.211894 1.343 859.198 1591.82 1340.4 0.55 0.9 908141 0.6 -1.58795e+07 -1.02565e+08 0.669749 0.00151654 2.42315e-06 0.171492 1.68338e-05 0.0435075 1.13516e-05 2.12683e-06 2.39307e-05 0.000926138 0.00143383 3.94515e-05 5.7623e-05 3.02491e-08 1.18459e-06 1.28848e-10 0.000421771 1.04568e-05 1.44982e-06 3.61205e-06 0.109686 5.30427e-05 2.81949e-07 4.64666e-10 2.09281e-05 2.50505e-08 0.000959739 5.76113e-05 4.33933e-06 
0.0505803 1490.9 1585.09 1.97147 0.824933 4320 0.211189 1.343 859.741 1591.82 1340.4 0.55 0.9 922562 0.6 -109033 -1.02206e+08 0.672193 0.00159552 3.01024e-06 0.166849 2.04827e-05 0.0492761 1.55437e-05 2.04512e-06 2.63877e-05 0.00108423 0.001695 3.81629e-05 6.74274e-05 2.66852e-08 1.12184e-06 1.15775e-10 0.000470924 1.13635e-05 1.57636e-06 4.06902e-06 0.10542 4.65394e-05 4.17711e-07 3.86913e-10 2.6507e-05 3.4231e-08 0.0010887 5.91169e-05 4.37287e-06 
0.0506047 1528.76 1600.35 2.02559 0.824933 4320 0.210478 1.343 860.288 1591.82 1340.4 0.55 0.9 937952 0.6 1.73147e+07 -1.00462e+08 0.675035 0.00167641 3.73785e-06 0.161599 2.48814e-05 0.0556201 2.1371e-05 1.93075e-06 2.89847e-05 0.0012665 0.00198728 3.63349e-05 7.83982e-05 2.28271e-08 1.03756e-06 1.01388e-10 0.000521558 1.21387e-05 1.69651e-06 4.57168e-06 0.100711 3.95658e-05 6.19938e-07 3.10859e-10 3.35953e-05 4.64828e-08 0.00122943 6.02672e-05 4.38026e-06 
0.0506291 1569.82 1615.95 2.08441 0.824933 4320 0.20976 1.343 860.838 1591.82 1340.4 0.55 0.9 954299 0.6 3.65006e+07 -9.71266e+07 0.678312 0.00175864 4.63812e-06 0.155711 3.01528e-05 0.0625483 2.94866e-05 1.78851e-06 3.16659e-05 0.00147548 0.00230841 3.40364e-05 9.04965e-05 1.89698e-08 9.37814e-07 8.66506e-11 0.000572292 1.27348e-05 1.80441e-06 5.11476e-06 0.0955486 3.25199e-05 9.21414e-07 2.41103e-10 4.25716e-05 6.26412e-08 0.00138078 6.10106e-05 4.3734e-06 
0.0506535 1614.14 1631.88 2.14805 0.824933 4320 0.209038 1.343 861.389 1591.82 1340.4 0.55 0.9 971563 0.6 5.75539e+07 -9.2021e+07 0.682051 0.00184144 5.74998e-06 0.149165 3.64265e-05 0.0700572 4.07996e-05 1.62537e-06 3.43444e-05 0.00171344 0.00265367 3.13588e-05 0.00010361 1.53702e-08 8.30129e-07 7.24082e-11 0.000621258 1.31087e-05 1.89318e-06 5.68647e-06 0.0899338 2.57966e-05 1.37089e-06 1.80797e-10 5.3881e-05 8.36447e-08 0.00154062 6.12799e-05 4.36582e-06 
0.0506779 1661.71 1648.12 2.21652 0.824933 4320 0.208312 1.343 861.942 1591.82 1340.4 0.55 0.9 989669 0.6 8.0573e+07 -8.50108e+07 0.686275 0.00192387 7.12012e-06 0.141955 4.38337e-05 0.078128 5.65664e-05 1.44946e-06 3.68965e-05 0.00198233 0.00301532 2.84083e-05 0.000117539 1.22099e-08 7.22418e-07 5.92967e-11 0.000666068 1.32247e-05 1.95534e-06 6.26632e-06 0.0838804 1.97316e-05 2.04019e-06 1.31392e-10 6.80257e-05 1.10457e-07 0.00170562 6.09892e-05 4.36874e-06 
0.0507023 1712.45 1664.66 2.28973 0.824933 4320 0.207582 1.343 862.495 1591.82 1340.4 0.55 0.9 1.00851e+06 0.6 1.05647e+08 -7.60291e+07 0.690991 0.00200472 8.80353e-06 0.134093 5.24979e-05 0.0867249 7.85051e-05 1.26891e-06 3.91591e-05 0.00228353 0.00338236 2.52959e-05 0.000131978 9.5826e-09 6.21846e-07 4.77071e-11 0.000703835 1.30563e-05 1.98351e-06 6.82356e-06 0.077418 1.4555e-05 3.03337e-06 9.28102e-11 8.55345e-05 1.43911e-07 0.00187091 6.00369e-05 4.38621e-06 
0.0507268 1766.14 1681.48 2.36741 0.824933 4320 0.206852 1.343 863.047 1591.82 1340.4 0.55 0.9 1.02795e+06 0.6 1.32851e+08 -6.24813e+07 0.696196 0.00208256 1.0863e-05 0.125614 6.25207e-05 0.0957925 0.000108929 1.09074e-06 4.09341e-05 0.0026177 0.00374052 2.21297e-05 0.000146523 7.50346e-09 5.34027e-07 3.77997e-11 0.000731311 1.25892e-05 1.97137e-06 7.31683e-06 0.0705951 1.03682e-05 4.49663e-06 6.3909e-11 0.000106901 1.84453e-07 0.00202988 5.83158e-05 4.41068e-06 
0.0507512 1822.49 1698.54 2.44915 0.824933 4320 0.206305 1.343 863.597 1591.82 1340.4 0.55 0.9 1.0478e+06 0.6 1.62228e+08 -4.88557e+07 0.701865 0.00215571 1.33668e-05 0.116578 7.39608e-05 0.105255 0.000150844 9.20363e-07 4.20048e-05 0.00298462 0.00407287 1.90073e-05 0.000160693 5.93397e-09 4.62707e-07 2.95477e-11 0.000745179 1.18254e-05 1.91485e-06 7.69624e-06 0.06348 7.15033e-06 6.62391e-06 4.30265e-11 0.000132474 2.31767e-07 0.00217405 5.57318e-05 4.42104e-06 
0.0507634 1851.52 1707.15 2.49137 0.824933 4320 0.20594 1.343 863.871 1591.82 1340.4 0.55 0.9 1.05782e+06 0.6 1.77848e+08 -4.28425e+07 0.704882 0.00219009 1.48234e-05 0.111843 8.02687e-05 0.110138 0.000177574 8.38894e-07 4.21996e-05 0.00318151 0.00422363 1.74808e-05 0.000167508 5.31362e-09 4.33828e-07 2.60312e-11 0.000745914 1.13363e-05 1.8693e-06 7.8239e-06 0.0598166 5.85447e-06 8.03462e-06 3.49886e-11 0.00014697 2.57697e-07 0.00223743 5.40801e-05 4.40829e-06 
0.0507756 1881.08 1715.8 2.53441 0.824933 4320 0.205667 1.343 864.144 1591.82 1340.4 0.55 0.9 1.06787e+06 0.6 1.9403e+08 -3.47736e+07 0.708004 0.00222257 1.64191e-05 0.106994 8.69258e-05 0.115086 0.000208781 7.60734e-07 4.21361e-05 0.00338657 0.00436047 1.59949e-05 0.000174033 4.79754e-09 4.09849e-07 2.28622e-11 0.000742045 1.07812e-05 1.81228e-06 7.90187e-06 0.0561114 4.75977e-06 9.71395e-06 2.83216e-11 0.000162526 2.84614e-07 0.00229301 5.2188e-05 4.37904e-06 
0.0507817 1896.02 1720.14 2.55621 0.824933 4320 0.205485 1.343 864.28 1591.82 1340.4 0.55 0.9 1.0729e+06 0.6 2.02362e+08 -3.19662e+07 0.709607 0.00223806 1.72753e-05 0.104522 9.03901e-05 0.117589 0.000226357 7.22867e-07 4.20008e-05 0.00349248 0.00442303 1.5267e-05 0.000177179 4.57373e-09 3.99663e-07 2.14027e-11 0.000738293 1.04805e-05 1.77957e-06 7.92014e-06 0.0542412 4.27665e-06 1.06715e-05 2.54199e-11 0.000170704 2.98344e-07 0.00231744 5.11501e-05 4.35644e-06 
0.0507878 1911.08 1724.49 2.57818 0.824933 4320 0.205349 1.343 864.416 1591.82 1340.4 0.55 0.9 1.07792e+06 0.6 2.10836e+08 -2.55779e+07 0.711234 0.00225298 1.81691e-05 0.102026 9.39335e-05 0.120104 0.000245308 6.8594e-07 4.17944e-05 0.0036004 0.00448115 1.45518e-05 0.000180233 4.37222e-09 3.90715e-07 2.00202e-11 0.000733297 1.01658e-05 1.7442e-06 7.92372e-06 0.0523655 3.83505e-06 1.1711e-05 2.2788e-11 0.000179118 3.12135e-07 0.00233937 5.00535e-05 4.32798e-06 
0.0507908 1918.64 1726.67 2.58922 0.824933 4320 0.205281 1.343 864.484 1591.82 1340.4 0.55 0.9 1.08044e+06 0.6 2.15133e+08 -2.54589e+07 0.712057 0.00226022 1.86312e-05 0.100767 9.57371e-05 0.121366 0.000255347 6.67801e-07 4.16642e-05 0.0036552 0.00450851 1.41985e-05 0.000181726 4.2791e-09 3.86691e-07 1.93561e-11 0.000730325 1.00034e-05 1.72552e-06 7.91981e-06 0.0514245 3.62809e-06 1.22639e-05 2.15622e-11 0.000183415 3.19039e-07 0.00234936 4.94828e-05 4.31135e-06 
0.0507924 1922.43 1727.76 2.59476 0.824933 4320 0.205236 1.343 864.518 1591.82 1340.4 0.55 0.9 1.08169e+06 0.6 2.17297e+08 -2.80495e+07 0.712472 0.00226379 1.8866e-05 0.100135 9.66468e-05 0.121999 0.000260512 6.58814e-07 4.15922e-05 0.00368281 0.00452174 1.40229e-05 0.000182465 4.23439e-09 3.84792e-07 1.90305e-11 0.000728719 9.92093e-06 1.71594e-06 7.91639e-06 0.0509533 3.52794e-06 1.2549e-05 2.09709e-11 0.000185585 3.22489e-07 0.0023541 4.91918e-05 4.30241e-06 
0.0507939 1926.23 1728.85 2.6003 0.824933 4320 0.205191 1.343 864.551 1591.82 1340.4 0.55 0.9 1.08294e+06 0.6 2.1947e+08 -2.71024e+07 0.712887 0.00226732 1.91033e-05 0.099501 9.75613e-05 0.122633 0.000265772 6.49886e-07 4.15157e-05 0.00371054 0.00453465 1.38482e-05 0.000183197 4.19092e-09 3.82969e-07 1.87093e-11 0.000727033 9.83772e-06 1.7062e-06 7.912e-06 0.0504819 3.43002e-06 1.28396e-05 2.03939e-11 0.000187768 3.25934e-07 0.00235867 4.88973e-05 4.29305e-06 
0.0507954 1930.03 1729.94 2.60586 0.824933 4320 0.205145 1.343 864.585 1591.82 1340.4 0.55 0.9 1.0842e+06 0.6 2.21653e+08 -2.61524e+07 0.713304 0.0022708 1.93429e-05 0.0988662 9.84803e-05 0.123266 0.000271128 6.41018e-07 4.14347e-05 0.0037384 0.00454726 1.36743e-05 0.000183923 4.14867e-09 3.81223e-07 1.83922e-11 0.000725268 9.75377e-06 1.69631e-06 7.90662e-06 0.0500105 3.33427e-06 1.31359e-05 1.98308e-11 0.000189963 3.29372e-07 0.00236306 4.85993e-05 4.28326e-06 
0.0507969 1933.83 1731.03 2.61142 0.824933 4320 0.2051 1.343 864.619 1591.82 1340.4 0.55 0.9 1.08545e+06 0.6 2.23844e+08 -2.51994e+07 0.713722 0.00227425 1.95849e-05 0.0982302 9.94041e-05 0.123901 0.000276581 6.3221e-07 4.13492e-05 0.00376639 0.00455955 1.35013e-05 0.000184642 4.10762e-09 3.79551e-07 1.80793e-11 0.000723423 9.6691e-06 1.68626e-06 7.90025e-06 0.0495389 3.24064e-06 1.34379e-05 1.92813e-11 0.000192171 3.32801e-07 0.00236728 4.82978e-05 4.27305e-06 
0.0507985 1937.65 1732.12 2.61699 0.824933 4320 0.205055 1.343 864.653 1591.82 1340.4 0.55 0.9 1.0867e+06 0.6 2.26044e+08 -2.00419e+07 0.714142 0.00227766 1.98293e-05 0.0975928 0.000100333 0.124535 0.000282131 6.2346e-07 4.12593e-05 0.00379449 0.00457151 1.33291e-05 0.000185356 4.06772e-09 3.77954e-07 1.77704e-11 0.0007215 9.58372e-06 1.67607e-06 7.8929e-06 0.0490673 3.14904e-06 1.37457e-05 1.87447e-11 0.00019439 3.36222e-07 0.00237132 4.79928e-05 4.26239e-06 
0.0508 1941.46 1733.22 2.62257 0.824933 4320 0.205027 1.343 864.687 1591.82 1340.4 0.55 0.9 1.08795e+06 0.6 2.28253e+08 7.6166e+10 0.714563 0.00228102 2.00761e-05 0.0969543 0.000101266 0.12517 0.000287778 6.14767e-07 4.11649e-05 0.00382271 0.00458315 1.31578e-05 0.000186063 4.02896e-09 3.76431e-07 1.74654e-11 0.000719497 9.49765e-06 1.66574e-06 7.88456e-06 0.0485957 3.05943e-06 1.40592e-05 1.82207e-11 0.000196621 3.39631e-07 0.00237519 4.76844e-05 4.2513e-06 
0.0508015 1945.28 1733.45 2.51418 0.862333 2620 1.76184 1.168 1321.3 934.45 525.95 0.55 0.9 439631 0.6 8.96221e+07 -7.62033e+10 0.714985 0.00228435 2.03253e-05 0.0963146 0.000102204 0.125805 0.000293524 6.06132e-07 4.10661e-05 0.00385106 0.00459446 1.29873e-05 0.000186765 3.9913e-09 3.74981e-07 1.71643e-11 0.000717417 9.41092e-06 1.65526e-06 7.87523e-06 0.048124 2.97173e-06 1.43785e-05 1.77086e-11 0.000198863 3.43029e-07 0.00237887 4.73726e-05 4.23976e-06 
0.0508031 1948.47 1733.57 2.51863 0.862333 2620 1.76177 1.168 1321.32 934.45 525.95 0.55 0.9 440050 0.6 8.96261e+07 -1.67623e+07 0.715337 0.00228708 2.05347e-05 0.0957814 0.000102988 0.126334 0.000298389 5.98996e-07 4.09802e-05 0.00387474 0.00460358 1.28462e-05 0.000187343 3.96091e-09 3.73839e-07 1.69175e-11 0.000715617 9.3382e-06 1.64642e-06 7.86661e-06 0.0477317 2.90039e-06 1.46493e-05 1.72926e-11 0.000200737 3.45844e-07 0.00238179 4.71103e-05 4.22976e-06 
0.0508046 1951.64 1733.7 2.52307 0.862333 2620 1.7617 1.168 1321.33 934.45 525.95 0.55 0.9 440469 0.6 8.96303e+07 -1.53396e+07 0.71569 0.00228977 2.07461e-05 0.0952483 0.000103776 0.126862 0.000303333 5.9192e-07 4.08906e-05 0.00389849 0.00461239 1.27061e-05 0.000187915 3.93149e-09 3.72762e-07 1.66747e-11 0.000713754 9.26507e-06 1.63748e-06 7.85715e-06 0.04734 2.8308e-06 1.49247e-05 1.68869e-11 0.000202618 3.48644e-07 0.00238454 4.68456e-05 4.2194e-06 
0.0508061 1954.81 1733.83 2.52751 0.862333 2620 1.76164 1.168 1321.34 934.45 525.95 0.55 0.9 440886 0.6 8.96347e+07 -1.39166e+07 0.716042 0.00229242 2.09595e-05 0.0947152 0.000104567 0.12739 0.000308357 5.84905e-07 4.07975e-05 0.00392229 0.00462088 1.2567e-05 0.00018848 3.90304e-09 3.7175e-07 1.64361e-11 0.000711826 9.19154e-06 1.62844e-06 7.84685e-06 0.0469489 2.7629e-06 1.5205e-05 1.64913e-11 0.000204506 3.51429e-07 0.00238713 4.65784e-05 4.20865e-06 
0.0508076 1957.98 1733.95 2.53195 0.862333 2620 1.76157 1.168 1321.35 934.45 525.95 0.55 0.9 441302 0.6 8.96393e+07 -1.34362e+07 0.716395 0.00229504 2.1175e-05 0.0941822 0.000105362 0.127917 0.000313461 5.77948e-07 4.07008e-05 0.00394614 0.00462905 1.2429e-05 0.000189039 3.87552e-09 3.70803e-07 1.62015e-11 0.000709834 9.11762e-06 1.6193e-06 7.83571e-06 0.0465586 2.69665e-06 1.549e-05 1.61053e-11 0.0002064 3.54197e-07 0.00238957 4.6309e-05 4.19753e-06 
0.0508092 1961.15 1734.08 2.53638 0.862333 2620 1.76146 1.168 1321.36 934.45 525.95 0.55 0.9 441716 0.6 8.9644e+07 -1.29562e+07 0.716748 0.00229761 2.13924e-05 0.0936493 0.00010616 0.128444 0.000318645 5.71049e-07 4.06007e-05 0.00397005 0.0046369 1.2292e-05 0.000189592 3.84892e-09 3.6992e-07 1.59707e-11 0.000707778 9.04334e-06 1.61006e-06 7.82372e-06 0.0461689 2.63201e-06 1.57798e-05 1.57285e-11 0.0002083 3.56948e-07 0.00239184 4.60371e-05 4.18603e-06 
0.0508122 1967.46 1734.34 2.54523 0.862333 2620 1.76126 1.168 1321.39 934.45 525.95 0.55 0.9 442542 0.6 8.96538e+07 -8.85149e+06 0.717454 0.00230264 2.18329e-05 0.0925847 0.000107766 0.129495 0.000329245 5.57435e-07 4.03901e-05 0.00401801 0.00465162 1.20212e-05 0.000190677 3.79847e-09 3.68346e-07 1.55207e-11 0.00070348 8.89381e-06 1.59131e-06 7.79727e-06 0.0453924 2.50752e-06 1.63734e-05 1.50026e-11 0.000212113 3.62388e-07 0.00239591 4.5487e-05 4.16189e-06 
0.0508183 1980.04 1734.85 2.56285 0.862333 2620 1.76098 1.168 1321.44 934.45 525.95 0.55 0.9 444178 0.6 8.96754e+07 -3.47139e+06 0.718866 0.00231221 2.27361e-05 0.0904612 0.000111013 0.131585 0.000351384 5.30926e-07 3.99289e-05 0.0041144 0.00467714 1.14927e-05 0.00019277 3.70805e-09 3.65953e-07 1.46639e-11 0.000694151 8.59132e-06 1.55281e-06 7.73455e-06 0.0438511 2.27661e-06 1.76168e-05 1.36538e-11 0.000219784 3.72999e-07 0.0024021 4.43619e-05 4.10911e-06 
0.0508244 1992.53 1735.36 2.58037 0.862333 2620 1.76057 1.168 1321.49 934.45 525.95 0.55 0.9 445793 0.6 8.96993e+07 2.53279e+06 0.720277 0.00232112 2.36707e-05 0.0883427 0.000114313 0.133664 0.000374854 5.05304e-07 3.94161e-05 0.00421159 0.00469741 1.09803e-05 0.000194765 3.63044e-09 3.64527e-07 1.38599e-11 0.000683859 8.28471e-06 1.51302e-06 7.65883e-06 0.0423235 2.06679e-06 1.89384e-05 1.24268e-11 0.000227509 3.8321e-07 0.0024057 4.32044e-05 4.05019e-06 
0.0508366 2017.22 1736.38 2.61504 0.862333 2620 1.76002 1.168 1321.58 934.45 525.95 0.55 0.9 448956 0.6 8.97536e+07 1.35638e+07 0.723089 0.0023369 2.56271e-05 0.0841386 0.000121043 0.137769 0.000425787 4.56851e-07 3.82463e-05 0.00440762 0.00472191 1.00068e-05 0.000198448 3.51164e-09 3.64505e-07 1.23963e-11 0.000660552 7.66404e-06 1.43033e-06 7.46974e-06 0.0393234 1.70526e-06 2.18108e-05 1.03046e-11 0.000242995 4.02108e-07 0.00240496 4.0808e-05 3.91446e-06 
0.0508488 2041.45 1737.39 2.64912 0.862333 2620 1.75919 1.168 1321.68 934.45 525.95 0.55 0.9 452020 0.6 8.98156e+07 2.51277e+07 0.725883 0.0023499 2.77066e-05 0.0799766 0.000127946 0.141807 0.000482596 4.11929e-07 3.6902e-05 0.00460619 0.00472508 9.09779e-06 0.000201739 3.43593e-09 3.68078e-07 1.11058e-11 0.000633861 7.03949e-06 1.34441e-06 7.23292e-06 0.0363958 1.40519e-06 2.50012e-05 8.54933e-12 0.000258376 4.18616e-07 0.00239336 3.83221e-05 3.75521e-06 
0.0508732 2088.26 1739.43 2.7151 0.862333 2620 1.7581 1.168 1321.87 934.45 525.95 0.55 0.9 457836 0.6 8.99588e+07 4.77884e+07 0.731352 0.00236719 3.22055e-05 0.0718643 0.000142105 0.149601 0.000614606 3.32968e-07 3.37797e-05 0.0050076 0.00466758 7.48274e-06 0.00020709 3.40097e-09 3.85432e-07 8.9627e-12 0.000571697 5.80932e-06 1.16756e-06 6.63195e-06 0.0308224 9.57516e-07 3.22892e-05 5.91881e-12 0.000287924 4.42224e-07 0.00233692 3.31954e-05 3.37319e-06 
0.0508977 2132.28 1741.44 2.77736 0.862333 2620 1.75702 1.168 1322.06 934.45 525.95 0.55 0.9 463175 0.6 9.01194e+07 6.88526e+07 0.736609 0.00237255 3.71791e-05 0.064077 0.00015668 0.156988 0.000774586 2.67744e-07 3.02574e-05 0.00541454 0.00453068 6.12007e-06 0.000210808 3.49979e-09 4.1555e-07 7.30762e-12 0.000500727 4.6494e-06 9.91868e-07 5.89945e-06 0.0256572 6.47442e-07 4.06798e-05 4.13519e-12 0.000314149 4.50926e-07 0.00223599 2.80513e-05 2.92292e-06 
0.0509221 2172.91 1743.44 2.83502 0.862333 2620 1.75596 1.168 1322.25 934.45 525.95 0.55 0.9 467988 0.6 9.02891e+07 8.85498e+07 0.741566 0.00236582 4.2611e-05 0.0567091 0.000171584 0.163883 0.000965486 2.15451e-07 2.65466e-05 0.00582465 0.00432182 4.99988e-06 0.000212756 3.71433e-09 4.57299e-07 6.04572e-12 0.000424626 3.60223e-06 8.24933e-07 5.08673e-06 0.0209669 4.33552e-07 4.9834e-05 2.93545e-12 0.000334878 4.42594e-07 0.00209286 2.31004e-05 2.43279e-06 
0.0509465 2209.62 1745.41 2.88731 0.862333 2620 1.75491 1.168 1322.43 934.45 525.95 0.55 0.9 472240 0.6 9.04601e+07 1.06515e+08 0.746147 0.00234732 4.84777e-05 0.0498397 0.000186834 0.170218 0.0011898 1.74918e-07 2.28475e-05 0.00623591 0.00405185 4.10287e-06 0.000212693 4.02536e-09 5.08901e-07 5.10197e-12 0.000347479 2.69653e-06 6.72491e-07 4.24939e-06 0.0167993 2.86481e-07 5.91746e-05 2.13379e-12 0.000347978 4.17068e-07 0.00191297 1.85249e-05 1.93696e-06 
0.0509709 2241.97 1747.34 2.9336 0.862333 2620 1.75389 1.168 1322.61 934.45 525.95 0.55 0.9 475907 0.6 9.06252e+07 1.22434e+08 0.750292 0.00231786 5.47465e-05 0.0435292 0.000202595 0.17594 0.00144922 1.44821e-07 1.93235e-05 0.00664637 0.00373368 3.40318e-06 0.000210226 4.40844e-09 5.67562e-07 4.41705e-12 0.00027337 1.94614e-06 5.38145e-07 3.43923e-06 0.013181 1.85918e-07 6.78988e-05 1.60209e-12 0.000351638 3.76386e-07 0.00170459 1.44609e-05 1.46928e-06 
0.0509953 2269.67 1749.23 2.97342 0.862333 2620 1.75289 1.168 1322.79 934.45 525.95 0.55 0.9 478981 0.6 9.07776e+07 1.36063e+08 0.753963 0.00227869 6.13717e-05 0.0378175 0.000219185 0.18102 0.00174415 1.23853e-07 1.60893e-05 0.00705351 0.00338105 2.87167e-06 0.000204827 4.82937e-09 6.28992e-07 3.94432e-12 0.000205937 1.35098e-06 4.23404e-07 2.698e-06 0.0101158 1.17872e-07 7.50511e-05 1.2532e-12 0.000344672 3.24556e-07 0.00147815 1.0989e-05 1.05761e-06 
0.0510197 2292.54 1751.07 3.00655 0.862333 2620 1.75192 1.168 1322.96 934.45 525.95 0.55 0.9 481465 0.6 9.09118e+07 1.47247e+08 0.757145 0.00223146 6.82876e-05 0.0327235 0.000237052 0.18545 0.00207301 1.10849e-07 1.32137e-05 0.00745355 0.00300748 2.47886e-06 0.00019592 5.24129e-09 6.87066e-07 3.64751e-12 0.000147932 8.99666e-07 3.28016e-07 2.05347e-06 0.00758634 7.26053e-08 7.9665e-05 1.02879e-12 0.000326813 2.66904e-07 0.00124523 8.13339e-06 7.19687e-07 
0.0510441 2310.58 1752.87 3.03295 0.862333 2620 1.75098 1.168 1323.13 934.45 525.95 0.55 0.9 483381 0.6 9.10226e+07 1.55928e+08 0.759842 0.00217812 7.54003e-05 0.0282468 0.0002567 0.189243 0.00243148 1.04837e-07 1.07278e-05 0.00784082 0.00262583 2.19703e-06 0.000183074 5.58608e-09 7.34027e-07 3.49846e-12 0.000100919 5.73135e-07 2.50476e-07 1.51858e-06 0.00555579 4.32214e-08 8.09623e-05 8.90443e-13 0.00029893 2.09108e-07 0.00101746 5.86939e-06 4.61476e-07 
0.0510686 2323.96 1754.61 3.05285 0.862333 2620 1.75006 1.168 1323.29 934.45 525.95 0.55 0.9 484761 0.6 9.11063e+07 1.62156e+08 0.76208 0.00212079 8.25824e-05 0.0243692 0.000278553 0.192432 0.00281189 1.05011e-07 8.6356e-06 0.00820775 0.00224809 2.0015e-06 0.000166241 5.80289e-09 7.6161e-07 3.47465e-12 6.51516e-05 3.48328e-07 1.88573e-07 1.09319e-06 0.00397228 2.47516e-08 7.85646e-05 8.13098e-13 0.000263088 1.56163e-07 0.000805319 4.13591e-06 2.78176e-07 
0.051093 2332.99 1756.3 3.06669 0.862333 2620 1.74918 1.168 1323.45 934.45 525.95 0.55 0.9 485652 0.6 9.11596e+07 1.66079e+08 0.7639 0.00206168 8.96742e-05 0.0210583 0.000302792 0.195069 0.00320315 1.1063e-07 6.92172e-06 0.00854554 0.00188533 1.87099e-06 0.000145968 5.84357e-09 7.63148e-07 3.55648e-12 3.9699e-05 2.01501e-07 1.39889e-07 7.67584e-07 0.00277365 1.35885e-08 7.26429e-05 7.80361e-13 0.000222338 1.11531e-07 0.000616998 2.85087e-06 1.57473e-07 
0.0511174 2338.13 1757.94 3.07509 0.862333 2620 1.74833 1.168 1323.6 934.45 525.95 0.55 0.9 486112 0.6 9.11805e+07 1.67936e+08 0.76535 0.00200284 9.64963e-05 0.0182705 0.000329216 0.197214 0.00359151 1.20902e-07 5.55621e-06 0.00884568 0.00154741 1.7876e-06 0.000123437 5.68988e-09 7.36003e-07 3.72489e-12 2.28034e-05 1.1079e-07 1.02124e-07 5.2671e-07 0.00189316 7.13704e-09 6.39278e-05 7.81107e-13 0.00018023 7.6734e-08 0.000457587 1.92577e-06 8.37666e-08 
0.0511418 2339.94 1759.52 3.07882 0.862333 2620 1.74751 1.168 1323.74 934.45 525.95 0.55 0.9 486204 0.6 9.11676e+07 1.68026e+08 0.766485 0.00194612 0.00010287 0.0159544 0.000357175 0.198939 0.00396235 1.34899e-07 4.49827e-06 0.00910179 0.0012424 1.7367e-06 0.00010028 5.36323e-09 6.83072e-07 3.95986e-12 1.23523e-05 5.78845e-08 7.32552e-08 3.53813e-07 0.001265 3.58478e-09 5.35489e-05 8.07141e-13 0.000140145 5.1502e-08 0.000328795 1.27698e-06 4.19687e-08 
0.0511662 2339.03 1761.04 3.07869 0.862333 2620 1.74672 1.168 1323.88 934.45 525.95 0.55 0.9 485996 0.6 9.11202e+07 1.66683e+08 0.767358 0.00189296 0.000108641 0.0140546 0.000385635 0.200313 0.00430226 1.51555e-07 3.70019e-06 0.00931106 0.00097587 1.70681e-06 7.82037e-05 4.91978e-09 6.123e-07 4.24039e-12 6.32198e-06 2.87678e-08 5.15613e-08 2.32996e-07 0.000829017 1.72361e-09 4.2752e-05 8.51747e-13 0.000104672 3.43481e-08 0.000229274 8.32372e-07 1.98795e-08 
0.0511906 2335.99 1762.5 3.07554 0.862333 2620 1.74596 1.168 1324.02 934.45 525.95 0.55 0.9 485553 0.6 9.10383e+07 1.6424e+08 0.76802 0.00184436 0.000113699 0.0125143 0.000413357 0.201403 0.00460107 1.69733e-07 3.1121e-06 0.00947471 0.000750408 1.68941e-06 5.85895e-05 4.43209e-09 5.34244e-07 4.54587e-12 3.06573e-06 1.36237e-08 3.55732e-08 1.50568e-07 0.000533768 7.94677e-10 3.26104e-05 9.0897e-13 7.52567e-05 2.32912e-08 0.000155467 5.33813e-07 8.94164e-09 
0.051215 2331.39 1763.91 3.07011 0.862333 2620 1.74523 1.168 1324.15 934.45 525.95 0.55 0.9 484934 0.6 9.09222e+07 1.60629e+08 0.768515 0.00180087 0.000117987 0.0112781 0.000439128 0.202267 0.00485285 1.88352e-07 2.68667e-06 0.00959739 0.000565625 1.67861e-06 4.22485e-05 3.96714e-09 4.5896e-07 4.85786e-12 1.41e-06 6.14316e-09 2.4029e-08 9.54796e-08 0.000337822 3.51212e-10 2.38399e-05 9.73451e-13 5.22127e-05 1.64343e-08 0.000102661 3.36732e-07 3.82921e-09 
0.0512395 2325.68 1765.27 3.06306 0.862333 2620 1.7442 1.168 1324.27 934.45 525.95 0.55 0.9 484189 0.6 9.07728e+07 1.57034e+08 0.768882 0.00176262 0.0001215 0.0102944 0.00046194 0.202955 0.0050559 2.06478e-07 2.38224e-06 0.00968591 0.000418704 1.67062e-06 2.94086e-05 3.57226e-09 3.93906e-07 5.1614e-12 6.02262e-07 2.56431e-09 1.58544e-08 5.92005e-08 0.000209418 1.45234e-10 1.6772e-05 1.04049e-12 3.50198e-05 1.22544e-08 6.59497e-05 2.081e-07 1.53457e-09 
0.0512883 2312.13 1767.82 3.04567 0.862333 2620 1.74291 1.168 1324.5 934.45 525.95 0.55 0.9 482448 0.6 9.03779e+07 1.48793e+08 0.769322 0.00170115 0.000126316 0.00894296 0.000496467 0.203929 0.00532029 2.38742e-07 2.02512e-06 0.00978284 0.000225256 1.65602e-06 1.38005e-05 3.08865e-09 3.10301e-07 5.70926e-12 1.21696e-07 5.14073e-10 7.01367e-09 2.35858e-08 8.44532e-05 2.85724e-11 7.91325e-06 1.1704e-12 1.54905e-05 8.57109e-09 2.76818e-05 8.28371e-08 2.74476e-10 
0.0513371 2297.62 1770.17 3.02663 0.862333 2620 1.74173 1.168 1324.72 934.45 525.95 0.55 0.9 480582 0.6 8.98618e+07 1.40051e+08 0.769558 0.00165542 0.000128843 0.0080965 0.000516702 0.204594 0.00544418 2.64635e-07 1.83712e-06 0.00982448 0.000116784 1.63869e-06 6.17438e-06 2.89032e-09 2.71968e-07 6.16184e-12 2.23901e-08 9.40098e-11 2.99886e-09 9.16523e-09 3.35106e-05 5.18844e-12 3.50419e-06 1.28214e-12 6.51796e-06 7.16891e-09 1.12405e-05 3.2288e-08 4.52791e-11 
0.0513859 2283.03 1772.33 3.00724 0.862333 2620 1.74064 1.168 1324.91 934.45 525.95 0.55 0.9 478694 0.6 8.92348e+07 1.31536e+08 0.769682 0.00162082 0.000129752 0.00756161 0.000525421 0.205081 0.00547268 2.84602e-07 1.73115e-06 0.00983958 5.9046e-05 1.61854e-06 2.75148e-06 2.8561e-09 2.60857e-07 6.52923e-12 3.90044e-09 1.6248e-11 1.25424e-09 3.52065e-09 1.32027e-05 9.01519e-13 1.50532e-06 1.37327e-12 2.66269e-06 6.59419e-09 4.47774e-06 1.24663e-08 7.18742e-12 
0.0514348 2268.75 1774.31 2.98812 0.862333 2620 1.73965 1.168 1325.09 934.45 525.95 0.55 0.9 476829 0.6 8.85072e+07 1.23292e+08 0.769748 0.00159356 0.000129592 0.00721318 0.000526048 0.205462 0.00544167 2.99946e-07 1.66502e-06 0.00984295 2.92737e-05 1.59679e-06 1.29178e-06 2.89807e-09 2.63129e-07 6.83224e-12 6.55564e-10 2.70557e-12 5.1507e-10 1.34262e-09 5.1614e-06 1.51928e-13 6.493e-07 1.44679e-12 1.06778e-06 6.31678e-09 1.75692e-06 4.78134e-09 1.11188e-12 
0.0514836 2254.93 1776.12 2.96953 0.862333 2620 1.73835 1.168 1325.26 934.45 525.95 0.55 0.9 475008 0.6 8.7689e+07 1.15767e+08 0.769783 0.00157093 0.000128758 0.00697346 0.000521488 0.205784 0.00537592 3.12002e-07 1.61877e-06 0.00984149 1.3993e-05 1.57464e-06 6.72081e-07 2.9694e-09 2.71042e-07 7.09122e-12 9.37384e-11 3.80024e-13 1.98208e-10 4.85923e-10 1.89752e-06 2.18504e-14 2.85323e-07 1.50724e-12 4.0494e-07 6.14382e-09 6.46001e-07 1.73855e-09 1.48599e-13 
0.0515812 2228.84 1779.27 2.93427 0.862333 2620 1.73686 1.168 1325.54 934.45 525.95 0.55 0.9 471530 0.6 8.58217e+07 1.02094e+08 0.769808 0.0015341 0.000125849 0.00667588 0.000503063 0.206323 0.00518804 3.29052e-07 1.55524e-06 0.00983343 4.13808e-06 1.53156e-06 3.7283e-07 3.13336e-09 2.92308e-07 7.51856e-12 5.67609e-12 2.52469e-14 4.38374e-11 1.02718e-10 3.87238e-07 1.22886e-15 1.06558e-07 1.59917e-12 9.17587e-08 5.88904e-09 1.32106e-07 3.6837e-10 7.03123e-15 
0.0516789 2204.58 1781.87 2.90141 0.862333 2620 1.73564 1.168 1325.77 934.45 525.95 0.55 0.9 468252 0.6 8.36901e+07 9.0014e+07 0.769817 0.00150188 0.000122334 0.00645847 0.000480581 0.206808 0.0049811 3.41767e-07 1.50599e-06 0.00982464 1.36081e-06 1.49301e-06 3.10919e-07 3.29515e-09 3.14445e-07 7.90261e-12 6.50561e-13 4.83495e-15 1.10347e-11 2.9781e-11 8.60945e-08 7.43564e-17 6.56035e-08 1.67441e-12 2.8651e-08 5.6504e-09 3.08029e-08 1.04929e-10 4.11105e-16 
0.0517766 2182 1783.97 2.87078 0.862333 2620 1.73466 1.168 1325.96 934.45 525.95 0.55 0.9 465165 0.6 8.13537e+07 7.94302e+07 0.769821 0.00147193 0.000118606 0.00626963 0.000457185 0.207267 0.00477461 3.51946e-07 1.46372e-06 0.00981622 5.68994e-07 1.4595e-06 2.9793e-07 3.45158e-09 3.36465e-07 8.26962e-12 3.18959e-13 3.49548e-15 3.89071e-12 1.47827e-11 2.41413e-08 7.37365e-18 5.25087e-08 1.7408e-12 1.51124e-08 5.41707e-09 1.01119e-08 5.09133e-11 6.75694e-17 
0.0518742 2160.94 1785.64 2.84221 0.862333 2620 1.7339 1.168 1326.11 934.45 525.95 0.55 0.9 462256 0.6 7.88646e+07 7.01451e+07 0.769822 0.00144336 0.000114831 0.00609138 0.000434114 0.207706 0.00457556 3.6036e-07 1.42561e-06 0.00980838 3.38507e-07 1.43069e-06 2.95883e-07 3.60301e-09 3.58244e-07 8.62945e-12 2.7673e-13 3.30622e-15 2.27662e-12 1.09978e-11 1.07894e-08 2.26361e-18 4.56436e-08 1.80149e-12 1.17268e-08 5.19032e-09 5.58113e-09 3.78167e-11 4.00673e-17 
0.0519719 2141.3 1786.92 2.81554 0.862333 2620 1.73317 1.168 1326.23 934.45 525.95 0.55 0.9 459515 0.6 7.62678e+07 6.20307e+07 0.769824 0.00141589 0.000111085 0.00591781 0.000411865 0.208128 0.00438631 3.6735e-07 1.39029e-06 0.00980113 2.68403e-07 1.40598e-06 2.96854e-07 3.74963e-09 3.79731e-07 8.98473e-12 2.61121e-13 3.2156e-15 1.88275e-12 9.55607e-12 7.58458e-09 1.60828e-18 4.06259e-08 1.85757e-12 1.05428e-08 4.97186e-09 4.39438e-09 3.324e-11 3.55011e-17 
0.0521672 2106.01 1788.46 2.76759 0.862333 2620 1.73265 1.168 1326.36 934.45 525.95 0.55 0.9 454520 0.6 7.09374e+07 4.87618e+07 0.769826 0.00136368 0.000103776 0.0055787 0.000370326 0.208926 0.00403859 3.77278e-07 1.32456e-06 0.0097883 2.47713e-07 1.36665e-06 3.01927e-07 4.02502e-09 4.21169e-07 9.67075e-12 2.42724e-13 3.07566e-15 1.78781e-12 8.15261e-12 6.5445e-09 1.53627e-18 3.29881e-08 1.95416e-12 9.51764e-09 4.56133e-09 3.80948e-09 2.92403e-11 3.34781e-17 
0.0523625 2074.67 1788.92 2.72499 0.862333 2620 1.73263 1.168 1326.4 934.45 525.95 0.55 0.9 450017 0.6 6.55171e+07 3.84025e+07 0.769829 0.00131496 9.6864e-05 0.00525047 0.00033288 0.209668 0.00372684 3.83316e-07 1.2634e-06 0.0097771 2.49576e-07 1.33626e-06 3.08971e-07 4.2835e-09 4.61355e-07 1.03364e-11 2.29554e-13 2.95152e-15 1.79966e-12 7.23591e-12 6.24456e-09 1.614e-18 2.71839e-08 2.03484e-12 8.83977e-09 4.18731e-09 3.51466e-09 2.67323e-11 3.26295e-17 
0.0525578 2046.7 1788.54 2.68697 0.862333 2620 1.733 1.168 1326.37 934.45 525.95 0.55 0.9 445945 0.6 6.01828e+07 3.02769e+07 0.769831 0.00126964 9.04107e-05 0.00493616 0.000299422 0.210354 0.00344774 3.8603e-07 1.20534e-06 0.00976725 2.5691e-07 1.31199e-06 3.17104e-07 4.52402e-09 4.99938e-07 1.0971e-11 2.1931e-13 2.83404e-15 1.83834e-12 6.5758e-12 6.10891e-09 1.73224e-18 2.26806e-08 2.09906e-12 8.31669e-09 3.84896e-09 3.3066e-09 2.49746e-11 3.21662e-17 
0.0527531 2021.66 1787.5 2.65293 0.862333 2620 1.73421 1.168 1326.28 934.45 525.95 0.55 0.9 442259 0.6 5.50588e+07 2.38592e+07 0.769834 0.00122765 8.44439e-05 0.00463886 0.000269734 0.210984 0.0031983 3.85958e-07 1.14982e-06 0.00975857 2.66589e-07 1.29196e-06 3.25789e-07 4.74573e-09 5.36585e-07 1.15653e-11 2.10919e-13 2.72009e-15 1.88864e-12 6.0843e-12 6.04912e-09 1.8734e-18 1.91404e-08 2.14688e-12 7.88855e-09 3.54462e-09 3.14575e-09 2.37087e-11 3.18849e-17 
0.0531438 1979.61 1783.83 2.59575 0.862333 2620 1.73809 1.168 1325.95 934.45 525.95 0.55 0.9 435969 0.6 4.58575e+07 1.50567e+07 0.76984 0.00115304 7.39657e-05 0.00410456 0.00022069 0.212079 0.00277999 3.78893e-07 1.0458e-06 0.00974429 2.89856e-07 1.2605e-06 3.43173e-07 5.12313e-09 6.01657e-07 1.25812e-11 1.97213e-13 2.49702e-15 2.00073e-12 5.43547e-12 6.06226e-09 2.19562e-18 1.41077e-08 2.1923e-12 7.20664e-09 3.0295e-09 2.91094e-09 2.2157e-11 3.1464e-17 
0.053925 1917.03 1772.56 2.51069 0.862333 2620 1.7446 1.168 1324.93 934.45 525.95 0.55 0.9 426409 0.6 3.11447e+07 6.66291e+06 0.769849 0.00103513 5.80473e-05 0.00325754 0.000153134 0.213745 0.00217462 3.50963e-07 8.67054e-07 0.00972373 3.43698e-07 1.21199e-06 3.75237e-07 5.67292e-09 7.0414e-07 1.39986e-11 1.7596e-13 2.09517e-15 2.21332e-12 4.785e-12 6.30345e-09 2.92002e-18 8.48698e-09 2.14649e-12 6.1951e-09 2.28711e-09 2.6027e-09 2.09546e-11 3.05415e-17 
0.0547062 1869.2 1758.99 2.44586 0.862333 2620 1.75204 1.168 1323.69 934.45 525.95 0.55 0.9 418999 0.6 2.02212e+07 2.84313e+06 0.769856 0.000944895 4.64529e-05 0.00259793 0.000108768 0.214993 0.00174099 3.15639e-07 7.15149e-07 0.00970832 4.03933e-07 1.16342e-06 4.04719e-07 6.04902e-09 7.82929e-07 1.47803e-11 1.58548e-13 1.75443e-15 2.39406e-12 4.48322e-12 6.65592e-09 3.73824e-18 5.4744e-09 1.98889e-12 5.3876e-09 1.7732e-09 2.37637e-09 2.08176e-11 2.94019e-17 
0.0554875 1831.23 1744.49 2.39455 0.862333 2620 1.76397 1.168 1322.35 934.45 525.95 0.55 0.9 413070 0.6 1.25321e+07 954807 0.769862 0.000875303 3.79093e-05 0.00208554 7.90093e-05 0.215939 0.00142134 2.79368e-07 5.885e-07 0.00969629 4.66445e-07 1.11122e-06 4.31186e-07 6.28626e-09 8.41007e-07 1.5013e-11 1.43659e-13 1.47483e-15 2.53043e-12 4.34372e-12 7.0439e-09 4.59049e-18 3.72007e-09 1.77451e-12 4.70967e-09 1.40914e-09 2.18961e-09 2.11845e-11 2.80891e-17 
0.05705 1775.86 1714.69 2.32008 0.862333 2620 1.78024 1.168 1319.5 934.45 525.95 0.55 0.9 404399 0.6 4.09915e+06 -179502 0.769871 0.000782737 2.72793e-05 0.00142133 4.61564e-05 0.217152 0.00101614 2.21173e-07 4.13766e-07 0.00967959 5.84535e-07 1.01062e-06 4.75402e-07 6.52311e-09 9.1724e-07 1.46552e-11 1.21912e-13 1.09736e-15 2.68242e-12 4.2674e-12 7.71716e-09 6.14452e-18 1.99469e-09 1.37447e-12 3.71408e-09 9.73043e-10 1.89415e-09 2.24534e-11 2.57211e-17 
0.0586125 1732.24 1685.42 2.26178 0.862333 2620 1.79649 1.168 1316.6 934.45 525.95 0.55 0.9 397576 0.6 -219451 -632071 0.769877 0.000721367 2.04796e-05 0.000983112 2.80802e-05 0.21795 0.000749109 1.73393e-07 2.90775e-07 0.00966738 7.00087e-07 9.03355e-07 5.15462e-07 6.56648e-09 9.62089e-07 1.35536e-11 1.05089e-13 8.37659e-16 2.72894e-12 4.31345e-12 8.33797e-09 7.5692e-18 1.15278e-09 1.01228e-12 2.95476e-09 7.05525e-10 1.64044e-09 2.41878e-11 2.35012e-17 
0.060175 1695.56 1657.27 2.213 0.862333 2620 1.82004 1.168 1313.71 934.45 525.95 0.55 0.9 391852 0.6 -2.44397e+06 -759453 0.769881 0.000679614 1.58556e-05 0.000688318 1.7553e-05 0.218492 0.000563241 1.35476e-07 2.04261e-07 0.00965808 8.12374e-07 7.96112e-07 5.5343e-07 6.49504e-09 9.87163e-07 1.21101e-11 9.16496e-14 6.53327e-16 2.69542e-12 4.42592e-12 8.87653e-09 8.75612e-18 6.99047e-10 7.21029e-13 2.36752e-09 5.29565e-10 1.41434e-09 2.62524e-11 2.14657e-17 
0.0633 1635.12 1604.75 2.13314 0.862333 2620 1.85854 1.168 1308.04 934.45 525.95 0.55 0.9 382468 0.6 -3.79122e+06 -562271 0.769887 0.0006336 1.05749e-05 0.000377183 7.84573e-06 0.21909 0.000344378 8.88764e-08 1.1027e-07 0.00964575 1.02859e-06 6.21632e-07 6.29089e-07 6.36629e-09 1.03662e-06 9.75059e-12 7.40319e-14 4.4286e-16 2.52148e-12 4.75874e-12 9.44935e-09 1.0267e-17 2.98901e-10 3.82265e-13 1.61405e-09 3.34344e-10 1.04842e-09 3.1092e-11 1.85168e-17 
0.0680875 1556.76 1531.68 2.03024 0.862333 2620 1.90421 1.168 1299.51 934.45 525.95 0.55 0.9 370252 0.6 -3.5579e+06 -396481 0.769892 0.000602398 6.19269e-06 0.000175101 2.46507e-06 0.219514 0.000169515 4.76028e-08 4.62213e-08 0.00963466 1.36662e-06 4.19461e-07 7.54615e-07 6.06881e-09 1.09466e-06 6.78714e-12 5.44278e-14 2.61712e-16 2.06433e-12 5.56403e-12 9.37449e-09 1.02008e-17 9.06165e-11 1.35865e-13 9.20858e-10 1.8096e-10 6.14973e-10 4.15291e-11 1.44699e-17 
0.072875 1487.22 1465.14 1.93923 0.862333 2620 1.94992 1.168 1291.03 934.45 525.95 0.55 0.9 359251 0.6 -2.63939e+06 -96434.7 0.769895 0.000589528 3.4662e-06 9.36713e-05 6.783e-07 0.219707 7.77846e-05 2.18738e-08 1.91614e-08 0.00962844 1.69908e-06 2.70022e-07 8.92028e-07 5.33706e-09 1.06186e-06 4.13549e-12 3.61463e-14 1.38395e-16 1.51467e-12 6.76835e-12 8.53705e-09 7.35622e-18 2.54339e-11 3.65937e-14 4.79788e-10 9.36808e-11 3.05803e-10 5.73915e-11 9.88776e-18 
0.0776625 1420.65 1401.3 1.85732 0.86 2620 1.6955 1.15014 1282.21 986.375 683 0.55 0.9 381479 0.6 -1.64343e+06 -758585 0.769896 0.000584674 1.74199e-06 6.30059e-05 1.50602e-07 0.219793 3.12613e-05 8.07192e-09 8.36157e-09 0.00962531 1.99643e-06 1.74308e-07 1.05019e-06 4.26584e-09 9.38852e-07 2.29761e-12 2.0545e-14 6.0614e-17 1.2093e-12 8.56822e-12 7.33834e-09 3.9761e-18 5.94399e-12 7.56601e-15 2.15731e-10 4.33304e-11 1.24712e-10 8.30665e-11 5.67167e-18 
0.0800562 1387.7 1368.43 1.8142 0.86 2620 1.71718 1.15014 1277.38 986.375 683 0.55 0.9 375583 0.6 -1.16845e+06 -24709.6 0.769897 0.000583516 1.09694e-06 5.47149e-05 5.77023e-08 0.219818 1.74352e-05 3.92323e-09 5.1635e-09 0.00962438 2.11435e-06 1.38783e-07 1.13173e-06 3.44891e-09 7.98587e-07 1.52954e-12 1.33784e-14 3.31598e-17 1.25642e-12 9.90272e-12 6.79776e-09 2.46105e-18 2.41496e-12 2.80717e-15 1.25834e-10 2.60991e-11 6.95272e-11 1.03217e-10 3.69155e-18 
0.08245 1355.19 1336.06 1.77167 0.86 2620 1.73958 1.15014 1272.43 986.375 683 0.55 0.9 369707 0.6 -779847 189352 0.769897 0.000582953 6.52296e-07 5.03054e-05 2.08933e-08 0.219832 9.1353e-06 1.71717e-09 3.16387e-09 0.00962385 2.2016e-06 1.16113e-07 1.21355e-06 2.65281e-09 6.47487e-07 1.01984e-12 7.97556e-15 1.67436e-17 1.56188e-12 1.1773e-11 6.37847e-09 1.44233e-18 9.07912e-13 1.08788e-15 6.8373e-11 1.48182e-11 3.66389e-11 1.32311e-10 2.20871e-18 
0.0848437 1322.72 1303.48 1.72921 0.86 2620 1.76323 1.15014 1267.25 986.375 683 0.55 0.9 363777 0.6 -381067 396705 0.769897 0.000582703 3.63706e-07 4.80434e-05 7.39002e-09 0.21984 4.45838e-06 6.72718e-10 1.88889e-09 0.00962356 2.26098e-06 1.03952e-07 1.29222e-06 1.93507e-09 4.99614e-07 6.91827e-13 4.29136e-15 8.0223e-18 2.24139e-12 1.45579e-11 6.10725e-09 8.31717e-19 3.13447e-13 4.91215e-16 3.42421e-11 7.86911e-12 1.83649e-11 1.76986e-10 1.21624e-18 
0.0872375 1289.76 1270.06 1.68611 0.86 2620 1.80228 1.15014 1261.71 986.375 683 0.55 0.9 357691 0.6 272063 495668 0.769897 0.000582603 1.8872e-07 4.69318e-05 2.66888e-09 0.219844 2.00636e-06 2.35886e-10 1.08884e-09 0.00962341 2.29843e-06 1.00499e-07 1.36249e-06 1.33747e-09 3.66999e-07 4.8155e-13 2.06123e-15 3.93737e-18 3.46978e-12 1.88228e-11 5.97244e-09 5.05357e-19 9.83031e-14 2.79324e-16 1.55947e-11 3.87499e-12 8.88788e-12 2.48587e-10 6.37062e-19 
0.092025 1221.31 1199.92 1.59662 0.86 2620 1.85543 1.15014 1249.32 986.375 683 0.55 0.9 344828 0.6 4.46701e+06 -2.03348e+06 0.769897 0.000582566 5.32634e-08 4.63147e-05 5.38571e-10 0.219846 4.11423e-07 3.90523e-11 4.17868e-10 0.00962324 2.33276e-06 1.14828e-07 1.52326e-06 7.24603e-10 2.25664e-07 3.25382e-13 5.24124e-16 2.29685e-18 8.01394e-12 3.33056e-11 5.99529e-09 4.61484e-19 9.5475e-15 1.62854e-16 3.2432e-12 9.70979e-13 2.89193e-12 5.28234e-10 3.12385e-19 
0.1016 1221.31 1139.02 1.59662 0.86 2620 1.88171 1.15014 1237.67 986.375 683 0.55 0.9 344828 0.6 7.69526e+07 714940 0.769897 0.000582566 5.32634e-08 4.63147e-05 5.38571e-10 0.219846 4.11423e-07 3.90523e-11 4.17868e-10 0.00962324 2.33276e-06 1.14828e-07 1.52326e-06 7.24603e-10 2.25664e-07 3.25382e-13 5.24124e-16 2.29685e-18 8.01394e-12 3.33056e-11 5.99529e-09 4.61484e-19 9.5475e-15 1.62854e-16 3.2432e-12 9.70979e-13 2.89193e-12 5.28234e-10 3.12385e-19 
