#x Tg Ts u porosity solidDensity effectiveSolidHeatConductivity tortuosity_factor solidHeatCapacity specificArea extinctionCoefficient scatteringAlbedo emissivity hv insulationTransmissivity divq divSolidHeatConduction N2 H2 H O2 O H2O OH H2O2 HO2 NO N2O NO2 HNO HNO2 HONO HONO2 N2H2 H2NN NH2OH HNOH NH3 N2H4 N NO3 NH NNH NH2 H2NO N2H3 
0 300 300 0.363572 0.824933 4320 0.378804 1.343 574.643 1591.82 1340.4 0.55 0.9 310380 0.6 -15.5953 -31463.4 0.658284 -2.32335e-19 4.06289e-19 0.199873 2.11268e-19 -1.91884e-22 -5.96654e-27 -6.92947e-19 3.55775e-20 -2.85176e-21 1.55345e-18 -2.36804e-24 1.85167e-20 -2.54115e-20 4.43362e-18 -2.42843e-22 9.16298e-18 -8.59852e-22 7.22572e-20 -4.6963e-23 0.141843 2.284e-18 -6.0445e-19 6.59679e-26 -1.08243e-21 1.10427e-35 -3.29823e-22 -3.2231e-20 -3.12392e-18 
0.01915 300.052 300.055 0.363635 0.824933 4320 0.378729 1.343 574.709 1591.82 1340.4 0.55 0.9 310410 0.6 -248.975 -703.786 0.658284 1.85322e-17 2.0762e-24 0.199873 -3.73814e-19 -8.22029e-20 -1.72461e-24 -1.88157e-18 1.58364e-17 -1.231e-18 1.55345e-18 -1.26586e-21 1.85137e-20 -2.54114e-20 4.43362e-18 -2.42843e-22 9.16299e-18 -3.45237e-23 7.22572e-20 -4.6964e-23 0.141843 2.284e-18 -3.27507e-20 8.39089e-26 -5.19651e-23 4.94894e-33 -1.45522e-19 -3.22177e-20 -3.12406e-18 
0.028725 300.307 300.338 0.363945 0.824933 4320 0.378474 1.343 575.049 1591.82 1340.4 0.55 0.9 310555 0.6 -1532.35 -8061.15 0.658284 8.61527e-16 2.08415e-28 0.199873 -3.73607e-19 -1.22524e-19 -1.70512e-24 -2.50467e-18 1.70462e-17 -1.29476e-18 1.55345e-18 -1.31407e-21 1.85111e-20 -2.54112e-20 4.43362e-18 -2.42843e-22 9.16299e-18 -2.65051e-24 7.22573e-20 -4.69618e-23 0.141843 2.284e-18 -3.3511e-21 9.83713e-26 -3.28309e-23 2.57939e-34 -2.16575e-19 -3.22067e-20 -3.12405e-18 
0.0335125 301.035 301.212 0.364827 0.824933 4320 0.377939 1.343 576.095 1591.82 1340.4 0.55 0.9 310968 0.6 -5749.82 -49460.9 0.658284 1.997e-14 8.83111e-29 0.199873 -3.60621e-19 -1.25727e-19 -1.62093e-24 -2.82937e-18 1.76765e-17 -1.3008e-18 1.55345e-18 -1.31564e-21 1.85096e-20 -2.54111e-20 4.43362e-18 -2.42843e-22 9.163e-18 -3.71722e-25 7.22574e-20 -4.67442e-23 0.141843 2.284e-18 -6.12832e-22 1.07e-25 -1.75855e-23 2.03635e-34 -2.10741e-19 -3.21717e-20 -3.12405e-18 
0.0359063 302.207 302.774 0.366247 0.824933 4320 0.37672 1.343 577.955 1591.82 1340.4 0.55 0.9 311633 0.6 -15363.1 -162369 0.658284 2.40651e-13 4.79119e-29 0.199873 -3.53333e-19 5.11155e-19 -1.56339e-24 -2.991e-18 1.79929e-17 -1.30051e-18 1.55347e-18 -1.23437e-21 1.85151e-20 -2.5411e-20 4.43362e-18 -2.42843e-22 9.16351e-18 -8.92519e-26 7.22617e-20 -3.74793e-23 0.141843 2.28417e-18 -1.85506e-22 1.11653e-25 -1.05693e-23 1.77652e-34 8.23695e-19 -3.0947e-20 -3.12405e-18 
0.0383 305.31 306.812 0.370008 0.824933 4320 0.374534 1.343 582.695 1591.82 1340.4 0.55 0.9 313395 0.6 -46297.6 -428023 0.658284 3.68385e-12 2.09341e-29 0.199873 -3.46052e-19 3.50591e-17 -1.47229e-24 -2.98562e-18 1.81365e-17 -1.22973e-18 1.55496e-18 4.20113e-21 1.88689e-20 -2.54098e-20 4.43369e-18 -2.42842e-22 9.19238e-18 -1.90667e-26 7.2511e-20 4.86527e-22 0.141843 2.29723e-18 -5.2677e-23 1.18704e-25 -5.2912e-24 1.52577e-34 3.76347e-17 3.81254e-20 -3.12377e-18 
0.0398625 309.744 312.994 0.375381 0.824933 4320 0.370694 1.343 589.777 1591.82 1340.4 0.55 0.9 315914 0.6 -117462 -924986 0.658284 3.27415e-11 1.08463e-29 0.199873 -3.39345e-19 1.02179e-15 -1.32607e-24 -2.82442e-18 2.24144e-17 9.16214e-19 1.61442e-18 1.97743e-19 2.95268e-20 -2.53695e-20 4.43595e-18 -2.42792e-22 1.00659e-17 2.33892e-25 8.01029e-20 1.63404e-20 0.141843 2.82865e-18 -1.85542e-23 2.1148e-25 -2.57365e-24 1.71648e-34 7.29793e-16 2.12793e-18 -3.11367e-18 
0.041425 318.798 325.333 0.386354 0.824933 4320 0.363422 1.343 603.289 1591.82 1340.4 0.55 0.9 321058 0.6 -327227 -1.82387e+06 0.658284 3.28905e-10 4.39286e-28 0.199873 -2.78735e-19 3.43638e-14 -3.54032e-25 2.91535e-18 1.73764e-16 7.78587e-17 4.41282e-18 8.36398e-18 4.09775e-19 -2.3663e-20 4.5318e-18 -2.40408e-22 4.14899e-17 3.03977e-23 3.54682e-19 5.85905e-19 0.141843 2.84363e-17 -5.7894e-24 4.4891e-24 1.41841e-23 5.12373e-32 1.62415e-14 7.72061e-17 -2.67375e-18 
0.0429875 337.254 350.171 0.408721 0.824933 4320 0.350358 1.343 628.112 1591.82 1340.4 0.55 0.9 331549 0.6 -943357 -3.42732e+06 0.658284 3.22042e-09 1.91127e-25 0.199873 1.02912e-18 1.10035e-12 2.62938e-23 1.97801e-16 5.2799e-15 2.70905e-15 1.29591e-16 3.36071e-16 1.33414e-17 4.50776e-20 8.39276e-18 -1.32203e-22 1.12095e-15 3.74318e-21 9.82133e-18 2.00918e-17 0.141843 1.20166e-15 -1.61934e-24 1.9802e-22 1.04069e-21 3.47064e-29 3.48063e-13 2.64841e-15 1.55414e-17 
0.04455 374.769 399.818 0.454185 0.824933 4320 0.336362 1.343 669.302 1591.82 1340.4 0.55 0.9 352849 0.6 -2.70355e+06 -6.29727e+06 0.658284 2.92759e-08 1.24733e-22 0.199873 2.90093e-17 3.1828e-11 2.00229e-21 6.25385e-15 1.62943e-13 8.50905e-14 5.22299e-15 1.23134e-14 4.15628e-16 2.56723e-18 1.50054e-16 4.32691e-21 3.51436e-14 3.64097e-19 3.08349e-16 6.31109e-16 0.141843 5.01195e-14 -3.83904e-25 8.15038e-21 7.84639e-20 1.8226e-26 6.85657e-12 8.31904e-14 7.02429e-16 
0.0453313 404.78 442.815 0.490557 0.824933 4320 0.322787 1.343 697.359 1591.82 1340.4 0.55 0.9 369826 0.6 -5.24893e+06 -9.23194e+06 0.658284 1.16902e-07 9.6496e-21 0.199873 2.7207e-16 3.45578e-10 6.45904e-20 7.39474e-14 1.91412e-12 1.01315e-12 7.90888e-14 1.68669e-13 4.91686e-15 3.5632e-17 2.00705e-15 6.96708e-20 4.2177e-13 1.32109e-17 3.69195e-15 7.51131e-15 0.141843 7.76217e-13 4.06542e-26 1.2432e-19 3.03867e-18 1.50303e-24 5.31815e-11 9.90037e-13 9.95336e-15 
0.0461125 450.43 505.077 0.545884 0.824933 4320 0.306466 1.343 728.295 1591.82 1340.4 0.55 0.9 395478 0.6 -1.03812e+07 -1.18626e+07 0.658284 5.08848e-07 1.24699e-18 0.199872 2.99929e-15 4.30753e-09 3.9259e-18 1.02284e-12 2.63092e-11 1.41263e-11 1.4074e-12 2.70702e-12 6.80675e-14 5.7493e-16 3.22907e-14 1.25428e-18 5.942e-12 4.79182e-16 5.17434e-14 1.04607e-13 0.141843 1.41104e-11 1.0893e-23 2.2253e-18 1.05288e-16 1.60656e-22 4.72766e-10 1.3784e-11 1.64863e-13 
0.0468937 518.529 594.279 0.628425 0.824933 4320 0.288035 1.343 758.796 1591.82 1340.4 0.55 0.9 433233 0.6 -1.99775e+07 -1.3703e+07 0.658283 2.11471e-06 1.92997e-16 0.199872 3.8288e-14 4.8455e-08 2.54986e-16 1.29989e-11 3.32208e-10 1.81026e-10 2.27363e-11 3.94986e-11 8.67829e-13 8.44887e-15 4.74218e-13 2.03793e-17 7.70968e-11 1.39736e-14 6.65735e-13 1.3388e-12 0.141843 2.29492e-10 1.0605e-21 3.61425e-17 3.96251e-15 1.42709e-20 3.91121e-09 1.76076e-10 2.48685e-12 
0.047675 617.274 718.226 0.748152 0.824933 4320 0.268752 1.343 786.927 1591.82 1340.4 0.55 0.9 486662 0.6 -3.61433e+07 -1.34629e+07 0.65828 8.04918e-06 2.97149e-14 0.199871 7.37386e-13 4.72483e-07 1.41446e-14 1.46322e-10 3.69752e-09 2.05647e-09 3.21962e-10 5.03091e-10 9.97118e-12 1.09263e-13 6.12488e-12 2.89375e-16 8.88639e-10 3.09233e-13 7.58286e-12 1.52587e-11 0.14184 3.10497e-09 1.18554e-19 5.20762e-16 1.53833e-13 1.01549e-18 2.90249e-08 1.98307e-09 3.30521e-11 
0.0484562 753.308 881.642 0.913241 0.824933 4320 0.254888 1.343 815.403 1591.82 1340.4 0.55 0.9 557391 0.6 -5.8761e+07 -1.31495e+07 0.65827 2.77141e-05 2.93805e-12 0.199867 2.67494e-11 3.94516e-06 8.2854e-13 1.43434e-09 3.41537e-08 2.04607e-08 3.94669e-09 5.45625e-09 1.10886e-10 1.22983e-12 6.87576e-11 3.54569e-15 8.99152e-09 5.56343e-12 7.55553e-11 1.56619e-10 0.14183 3.22291e-08 1.39265e-17 7.05102e-15 5.60174e-12 6.35406e-17 1.93814e-07 1.91476e-08 3.83075e-10 
0.0488469 834.322 979.602 1.01178 0.824933 4320 0.247997 1.343 828.456 1591.82 1340.4 0.55 0.9 597954 0.6 -7.38243e+07 -1.43908e+07 0.658257 5.43166e-05 3.15155e-11 0.199861 3.11646e-10 1.44911e-05 1.1605e-11 5.65665e-09 1.09089e-07 8.75064e-08 2.0073e-08 2.40774e-08 6.60711e-10 5.84169e-12 3.24268e-10 1.78461e-14 3.92561e-08 4.10205e-11 3.23938e-10 7.56601e-10 0.141812 1.2296e-07 4.54e-16 5.11073e-14 6.75588e-11 8.63582e-16 6.33835e-07 7.47881e-08 1.81082e-09 
0.0490422 878.912 1033.26 1.06616 0.824933 4320 0.24339 1.343 832.497 1591.82 1340.4 0.55 0.9 619861 0.6 -8.296e+07 -1.55417e+07 0.658245 7.86564e-05 1.13591e-10 0.199854 1.19959e-09 3.26494e-05 5.26393e-11 1.29057e-08 2.04328e-07 2.22457e-07 5.90048e-08 6.25293e-08 2.20702e-09 1.62198e-11 8.8972e-10 5.17249e-14 1.02036e-07 1.56632e-10 8.25336e-10 2.11342e-09 0.141788 2.8717e-07 4.32755e-15 1.99644e-13 3.19961e-10 4.3738e-15 1.32062e-06 1.73679e-07 4.92031e-09 
0.0492375 927.191 1090.38 1.12522 0.824933 4320 0.238838 1.343 836.067 1591.82 1340.4 0.55 0.9 643300 0.6 -9.2667e+07 -1.48761e+07 0.658225 0.000115523 3.99634e-10 0.199837 4.40684e-09 7.87847e-05 2.39601e-10 3.13072e-08 3.88915e-07 6.15819e-07 1.92815e-07 1.77983e-07 7.97585e-09 4.96841e-11 2.6787e-09 1.65678e-13 2.90522e-07 6.88062e-10 2.28926e-09 6.37093e-09 0.141737 7.45274e-07 4.13426e-14 8.26311e-13 1.44443e-09 2.54349e-14 2.91181e-06 4.33999e-07 1.46679e-08 
0.0494328 979.175 1150.95 1.1891 0.824933 4320 0.23549 1.343 839.654 1591.82 1340.4 0.55 0.9 668287 0.6 -1.02203e+08 -1.5657e+07 0.658196 0.000170636 1.35574e-09 0.1998 1.5311e-08 0.000192785 1.05106e-09 7.42456e-08 7.11125e-07 1.72177e-06 6.38402e-07 5.05018e-07 2.9122e-08 1.54436e-10 8.07722e-09 5.31579e-13 8.407e-07 3.14893e-09 6.39068e-09 1.9025e-08 0.141627 1.92857e-06 3.81385e-13 3.3367e-12 6.19046e-09 1.56305e-13 6.53746e-06 1.073e-06 4.3366e-08 
0.0495305 1006.52 1182.62 1.22287 0.824933 4320 0.233258 1.343 841.447 1591.82 1340.4 0.55 0.9 681367 0.6 -1.06875e+08 -1.78371e+07 0.658176 0.000208667 2.5959e-09 0.19976 2.94597e-08 0.000312062 2.28372e-09 1.13776e-07 9.53246e-07 3.00097e-06 1.24349e-06 8.72363e-07 5.96641e-08 2.89171e-10 1.45838e-08 1.01107e-12 1.50438e-06 7.23722e-09 1.10578e-08 3.33308e-08 0.141521 3.11836e-06 1.3059e-12 7.13345e-12 1.36431e-08 4.23606e-13 1.00939e-05 1.70029e-06 7.5906e-08 
0.0496281 1035.06 1215.33 1.25827 0.824933 4320 0.231036 1.343 843.242 1591.82 1340.4 0.55 0.9 694950 0.6 -1.11165e+08 -1.83958e+07 0.658154 0.0002558 4.97348e-09 0.19969 5.62496e-08 0.000515174 4.97702e-09 1.7532e-07 1.28049e-06 5.36672e-06 2.52203e-06 1.53671e-06 1.2463e-07 5.60601e-10 2.70053e-08 1.98983e-12 2.77109e-06 1.71004e-08 1.95556e-08 5.88824e-08 0.141348 5.12262e-06 4.42943e-12 1.5403e-11 2.95497e-08 1.20715e-12 1.5793e-05 2.72557e-06 1.3517e-07 
0.0497258 1064.89 1249.1 1.29548 0.824933 4320 0.229383 1.343 845.034 1591.82 1340.4 0.55 0.9 709149 0.6 -1.14784e+08 -2.03995e+07 0.658132 0.000313995 9.54382e-09 0.199566 1.06368e-07 0.000857462 1.08658e-08 2.68014e-07 1.72218e-06 9.66611e-06 5.18451e-06 2.69318e-06 2.60115e-07 1.09724e-09 4.99939e-08 3.93678e-12 5.14657e-06 4.04072e-08 3.46488e-08 1.02877e-07 0.141067 8.35319e-06 1.47769e-11 3.2398e-11 6.2662e-08 3.53177e-12 2.48413e-05 4.34969e-06 2.38579e-07 
0.0497746 1080.37 1266.43 1.31489 0.824933 4320 0.228276 1.343 845.93 1591.82 1340.4 0.55 0.9 716526 0.6 -1.16271e+08 -2.32318e+07 0.658125 0.000348391 1.34069e-08 0.199467 1.47496e-07 0.00111658 1.62838e-08 3.30409e-07 2.00636e-06 1.31078e-05 7.58512e-06 3.56424e-06 3.80773e-07 1.55561e-09 6.83489e-08 5.60572e-12 7.09524e-06 6.28204e-08 4.63916e-08 1.35629e-07 0.14086 1.06171e-05 2.77091e-11 4.6818e-11 9.20335e-08 6.19152e-12 3.13746e-05 5.49112e-06 3.15847e-07 
0.0498234 1096.33 1284.09 1.33498 0.824933 4320 0.22717 1.343 846.826 1591.82 1340.4 0.55 0.9 724139 0.6 -1.17438e+08 -2.50648e+07 0.658124 0.000386757 1.88715e-08 0.199329 2.04482e-07 0.00146223 2.45164e-08 4.07215e-07 2.34836e-06 1.79073e-05 1.12497e-05 4.72397e-06 5.60474e-07 2.2236e-09 9.3866e-08 8.042e-12 9.85529e-06 9.80857e-08 6.24072e-08 1.78819e-07 0.140589 1.34889e-05 5.19694e-11 6.74889e-11 1.34922e-07 1.10141e-11 3.97708e-05 6.93938e-06 4.18249e-07 
0.0498723 1112.87 1302.09 1.35588 0.824933 4320 0.226062 1.343 847.724 1591.82 1340.4 0.55 0.9 732027 0.6 -1.18201e+08 -2.72428e+07 0.658135 0.000429507 2.66483e-08 0.199137 2.83337e-07 0.00192165 3.71042e-08 5.00735e-07 2.76099e-06 2.45624e-05 1.68128e-05 6.2425e-06 8.26096e-07 3.18415e-09 1.28853e-07 1.15467e-11 1.37332e-05 1.53117e-07 8.40515e-08 2.35174e-07 0.140234 1.70647e-05 9.75702e-11 9.63065e-11 1.97245e-07 1.9795e-11 5.05388e-05 8.75585e-06 5.51731e-07 
0.0499211 1130.09 1320.47 1.37775 0.824933 4320 0.224951 1.343 848.622 1591.82 1340.4 0.55 0.9 740237 0.6 -1.18459e+08 -2.98132e+07 0.658163 0.00047709 3.77503e-08 0.198869 3.92411e-07 0.00253001 5.64697e-08 6.13149e-07 3.26001e-06 3.3736e-05 2.52074e-05 8.19245e-06 1.2159e-06 4.5417e-09 1.76039e-07 1.65029e-11 1.91331e-05 2.38088e-07 1.13008e-07 3.07925e-07 0.13977 2.14194e-05 1.83269e-10 1.35251e-10 2.8748e-07 3.58153e-11 6.43319e-05 1.10034e-05 7.22486e-07 
0.0499699 1148.13 1339.26 1.40077 0.824933 4320 0.223837 1.343 849.522 1591.82 1340.4 0.55 0.9 748833 0.6 -1.18089e+08 -3.2818e+07 0.65822 0.000529997 5.36488e-08 0.198499 5.43327e-07 0.00333234 8.6471e-08 7.46221e-07 3.86457e-06 4.63049e-05 3.77912e-05 1.064e-05 1.7836e-06 6.4179e-09 2.38424e-07 2.33626e-11 2.65774e-05 3.67597e-07 1.51313e-07 4.00819e-07 0.139166 2.65836e-05 3.44425e-10 1.86027e-10 4.17866e-07 6.50599e-11 8.19914e-05 1.37404e-05 9.36319e-07 
0.0500188 1167.19 1358.48 1.42523 0.824933 4320 0.222716 1.343 850.425 1591.82 1340.4 0.55 0.9 757898 0.6 -1.16949e+08 -3.62879e+07 0.658321 0.000588753 7.6502e-08 0.197987 7.52461e-07 0.00438593 1.33336e-07 9.00862e-07 4.59759e-06 6.34194e-05 5.6518e-05 1.36314e-05 2.60371e-06 8.93684e-09 3.18948e-07 3.2601e-11 3.67273e-05 5.61971e-07 2.01361e-07 5.181e-07 0.13838 3.25137e-05 6.48123e-10 2.49487e-10 6.0627e-07 1.18421e-10 0.000104606 1.70122e-05 1.19771e-06 
0.0500676 1187.55 1378.2 1.45149 0.824933 4320 0.221589 1.343 851.332 1591.82 1340.4 0.55 0.9 767539 0.6 -1.14866e+08 -4.02332e+07 0.65849 0.000653924 1.09502e-07 0.197283 1.04315e-06 0.0057629 2.07261e-07 1.07652e-06 5.48645e-06 8.65804e-05 8.41621e-05 1.71738e-05 3.77822e-06 1.21939e-08 4.19871e-07 4.46119e-11 5.03978e-05 8.48481e-07 2.65856e-07 6.64513e-07 0.137362 3.90572e-05 1.22277e-09 3.2485e-10 8.79128e-07 2.15672e-10 0.000133589 2.08391e-05 1.50855e-06 
0.0501164 1209.53 1398.45 1.48002 0.824933 4320 0.220453 1.343 852.242 1591.82 1340.4 0.55 0.9 777891 0.6 -1.11636e+08 -4.4632e+07 0.658759 0.000726108 1.57402e-07 0.196318 1.44902e-06 0.00755303 3.25191e-07 1.2704e-06 6.56376e-06 0.000117735 0.0001246 2.12129e-05 5.44504e-06 1.62029e-08 5.4182e-07 5.95256e-11 6.85647e-05 1.26199e-06 3.47712e-07 8.45358e-07 0.136048 4.59154e-05 2.31676e-09 4.0877e-10 1.27612e-06 3.92617e-10 0.00017077 2.52025e-05 1.86669e-06 
0.0501652 1233.59 1419.28 1.51141 0.824933 4320 0.219306 1.343 853.159 1591.82 1340.4 0.55 0.9 789126 0.6 -1.07019e+08 -4.94138e+07 0.659173 0.000805924 2.27314e-07 0.195006 2.01885e-06 0.00986645 5.15708e-07 1.47653e-06 7.86851e-06 0.000159403 0.000183142 2.56091e-05 7.78805e-06 2.08233e-08 6.82466e-07 7.69419e-11 9.23542e-05 1.84413e-06 4.49856e-07 1.06667e-06 0.13436 5.26132e-05 4.41595e-09 4.94496e-10 1.85758e-06 7.13839e-10 0.000218506 3.00315e-05 2.26433e-06 
0.0502141 1260.29 1440.76 1.54645 0.824933 4320 0.218146 1.343 854.082 1591.82 1340.4 0.55 0.9 801455 0.6 -1.0073e+08 -5.44355e+07 0.659792 0.000894 3.29896e-07 0.193232 2.82361e-06 0.0128357 8.27735e-07 1.68481e-06 9.44737e-06 0.00021483 0.000266882 3.01198e-05 1.10484e-05 2.56833e-08 8.3501e-07 9.56287e-11 0.000123008 2.63966e-06 5.7492e-07 1.33559e-06 0.1322 5.84901e-05 8.48031e-09 5.71497e-10 2.71616e-06 1.29522e-09 0.000279787 3.51938e-05 2.68673e-06 
0.0502629 1290.34 1462.95 1.5861 0.824933 4320 0.216971 1.343 855.012 1591.82 1340.4 0.55 0.9 815131 0.6 -9.2438e+07 -5.79984e+07 0.6607 0.00099093 4.81055e-07 0.190856 3.96602e-06 0.0166167 1.34614e-06 1.88036e-06 1.13559e-05 0.000288195 0.000384979 3.43956e-05 1.55354e-05 3.01399e-08 9.86915e-07 1.13328e-10 0.000161809 3.68825e-06 7.24774e-07 1.66106e-06 0.129456 6.27361e-05 1.64174e-08 6.26197e-10 3.99478e-06 2.34291e-09 0.00035831 4.04965e-05 3.11167e-06 
0.0503117 1324.6 1485.9 1.63151 0.824933 4320 0.216084 1.343 855.951 1591.82 1340.4 0.55 0.9 830444 0.6 -8.17915e+07 -6.20456e+07 0.662003 0.00109723 7.0428e-07 0.187704 5.59278e-06 0.0213868 2.21915e-06 2.04361e-06 1.36582e-05 0.000384843 0.000548721 3.80046e-05 2.16334e-05 3.33434e-08 1.11978e-06 1.26931e-10 0.000209955 5.0106e-06 8.9985e-07 2.05415e-06 0.125994 6.45025e-05 3.19744e-08 6.44693e-10 5.91204e-06 4.21884e-09 0.000458467 4.5703e-05 3.51061e-06 
0.0503361 1343.71 1497.68 1.65693 0.824933 4320 0.215485 1.343 856.423 1591.82 1340.4 0.55 0.9 838855 0.6 -7.53665e+07 -6.59492e+07 0.662858 0.00115446 8.56939e-07 0.185745 6.67449e-06 0.0242387 2.8777e-06 2.10511e-06 1.49945e-05 0.000444915 0.000653431 3.93949e-05 2.54888e-05 3.41721e-08 1.17117e-06 1.31416e-10 0.000238094 5.77479e-06 9.96844e-07 2.28142e-06 0.123922 6.41987e-05 4.52112e-08 6.37161e-10 7.2415e-06 5.67249e-09 0.000519016 4.81952e-05 3.689e-06 
0.0503605 1364.38 1509.67 1.68449 0.824933 4320 0.214881 1.343 856.898 1591.82 1340.4 0.55 0.9 847844 0.6 -6.81772e+07 -6.75572e+07 0.663883 0.00121426 1.04361e-06 0.183481 7.97472e-06 0.0274415 3.74876e-06 2.14853e-06 1.64682e-05 0.000514488 0.000776781 4.04215e-05 2.99783e-05 3.43377e-08 1.20814e-06 1.33602e-10 0.000269171 6.60043e-06 1.0998e-06 2.53273e-06 0.121592 6.29477e-05 6.40651e-08 6.16538e-10 8.89159e-06 7.62429e-09 0.000587364 5.05659e-05 3.84699e-06 
0.050385 1386.78 1521.88 1.71441 0.824933 4320 0.214273 1.343 857.375 1591.82 1340.4 0.55 0.9 857459 0.6 -6.01625e+07 -6.86405e+07 0.665105 0.00127662 1.2722e-06 0.180876 9.537e-06 0.0310254 4.90687e-06 2.17069e-06 1.80875e-05 0.000594947 0.000921068 4.10318e-05 3.51735e-05 3.37783e-08 1.22771e-06 1.33197e-10 0.00030322 7.47277e-06 1.20789e-06 2.81102e-06 0.11898 6.07094e-05 9.1041e-08 5.82991e-10 1.09438e-05 1.02382e-08 0.000664169 5.27832e-05 3.98044e-06 
0.0504094 1411.09 1534.32 1.74694 0.824933 4320 0.21366 1.343 857.854 1591.82 1340.4 0.55 0.9 867745 0.6 -5.12596e+07 -6.90606e+07 0.666551 0.00134149 1.55216e-06 0.177892 1.14128e-05 0.0350199 6.45323e-06 2.16879e-06 1.98584e-05 0.000687838 0.0010885 4.11835e-05 4.11473e-05 3.24819e-08 1.22751e-06 1.30095e-10 0.00034019 8.37174e-06 1.31987e-06 3.11927e-06 0.116061 5.74921e-05 1.29744e-07 5.37756e-10 1.34997e-05 1.37265e-08 0.000750035 5.48169e-05 4.08626e-06 
0.0504338 1437.46 1546.99 1.78231 0.824933 4320 0.213043 1.343 858.335 1591.82 1340.4 0.55 0.9 878742 0.6 -4.14054e+07 -6.86628e+07 0.668252 0.00140876 1.89488e-06 0.174488 1.36616e-05 0.0394529 8.52604e-06 2.14075e-06 2.17833e-05 0.000794859 0.00128104 4.08491e-05 4.79693e-05 3.04963e-08 1.2062e-06 1.2439e-10 0.000379914 9.27176e-06 1.43402e-06 3.46032e-06 0.112814 5.33631e-05 1.85404e-07 4.83097e-10 1.6686e-05 1.8361e-08 0.000845444 5.66379e-05 4.16309e-06 
0.0504582 1466.07 1559.89 1.82074 0.824933 4320 0.212422 1.343 858.818 1591.82 1340.4 0.55 0.9 890483 0.6 -3.05373e+07 -6.72806e+07 0.670239 0.00147829 2.31414e-06 0.170627 1.63515e-05 0.0443492 1.13144e-05 2.0856e-06 2.3858e-05 0.00091785 0.00150015 4.00201e-05 5.56992e-05 2.79311e-08 1.16377e-06 1.16385e-10 0.000422068 1.01421e-05 1.548e-06 3.83638e-06 0.109216 4.84541e-05 2.65647e-07 4.22122e-10 2.06598e-05 2.44844e-08 0.000950685 5.82178e-05 4.21186e-06 
0.0504826 1497.06 1573.01 1.86246 0.824933 4320 0.211797 1.343 859.302 1591.82 1340.4 0.55 0.9 902989 0.6 -1.85948e+07 -6.83036e+07 0.672543 0.0015498 2.8267e-06 0.166272 1.95598e-05 0.0497297 1.50777e-05 2.00371e-06 2.60689e-05 0.00105876 0.00174655 3.87093e-05 6.4377e-05 2.49487e-08 1.10179e-06 1.06567e-10 0.000466128 1.09479e-05 1.65878e-06 4.24849e-06 0.105248 4.29611e-05 3.81724e-07 3.58439e-10 2.56159e-05 3.25216e-08 0.00106576 5.95265e-05 4.23631e-06 
0.050507 1530.56 1586.36 1.90765 0.824933 4320 0.210851 1.343 859.787 1591.82 1340.4 0.55 0.9 916270 0.6 -5.49957e+06 -6.08614e+07 0.675195 0.00162298 3.45304e-06 0.161392 2.33719e-05 0.0556091 2.01818e-05 1.89713e-06 2.83879e-05 0.00121958 0.00201985 3.69531e-05 7.40085e-05 2.17474e-08 1.02349e-06 9.55793e-11 0.000511314 1.16509e-05 1.76256e-06 4.69601e-06 0.100898 3.71337e-05 5.50691e-07 2.95703e-10 3.17974e-05 4.29869e-08 0.00119023 6.053e-05 4.24319e-06 
0.0505559 1605.21 1613.71 2.00858 0.824933 4320 0.209907 1.343 860.759 1591.82 1340.4 0.55 0.9 945016 0.6 2.3906e+07 -4.57741e+07 0.681544 0.00177098 5.09913e-06 0.150129 3.29205e-05 0.0687086 3.60958e-05 1.62513e-06 3.31497e-05 0.00160182 0.00263338 3.23541e-05 9.56926e-05 1.54072e-08 8.34663e-07 7.18331e-11 0.000600613 1.26133e-05 1.93338e-06 5.678e-06 0.0911519 2.5482e-05 1.12147e-06 1.84254e-10 4.85301e-05 7.31518e-08 0.00146041 6.15006e-05 4.23339e-06 
0.0505803 1646.3 1627.64 2.06434 0.824933 4320 0.209276 1.343 861.243 1591.82 1340.4 0.55 0.9 960377 0.6 4.0639e+07 -3.94843e+07 0.685318 0.00184566 6.21518e-06 0.143648 3.90391e-05 0.0760216 4.86152e-05 1.47146e-06 3.54494e-05 0.00182984 0.0029636 2.96605e-05 0.000107791 1.26306e-08 7.37902e-07 6.09428e-11 0.000641711 1.28188e-05 1.98826e-06 6.18058e-06 0.0856898 2.02333e-05 1.62e-06 1.40126e-10 6.00281e-05 9.44983e-08 0.00160456 6.13099e-05 4.23559e-06 
0.0506047 1689.93 1641.72 2.12371 0.824933 4320 0.208646 1.343 861.725 1591.82 1340.4 0.55 0.9 976341 0.6 5.86475e+07 -2.88845e+07 0.689509 0.00191929 7.56408e-06 0.13661 4.61234e-05 0.0837944 6.55269e-05 1.31201e-06 3.7556e-05 0.00208403 0.00330024 2.67942e-05 0.000120476 1.02292e-08 6.45303e-07 5.08554e-11 0.000677913 1.28012e-05 2.0152e-06 6.6663e-06 0.0798709 1.56124e-05 2.33614e-06 1.04059e-10 7.40295e-05 1.20799e-07 0.0017504 6.05652e-05 4.24916e-06 
0.0506291 1735.98 1655.93 2.1865 0.824933 4320 0.208018 1.343 862.204 1591.82 1340.4 0.55 0.9 992805 0.6 7.79354e+07 -1.63293e+07 0.694113 0.00199072 9.19246e-06 0.12904 5.42641e-05 0.0919861 8.83548e-05 1.15202e-06 3.9326e-05 0.00236517 0.00363219 2.38449e-05 0.000133467 8.23213e-09 5.61305e-07 4.18354e-11 0.000706839 1.2542e-05 2.00922e-06 7.10559e-06 0.0737304 1.17159e-05 3.3643e-06 7.5561e-11 9.09205e-05 1.52502e-07 0.00189344 5.91834e-05 4.27041e-06 
0.0506535 1784.21 1670.22 2.25242 0.824933 4320 0.207395 1.343 862.679 1591.82 1340.4 0.55 0.9 1.00964e+06 0.6 9.84881e+07 -1.85472e+06 0.699117 0.00205865 1.1152e-05 0.120982 6.35405e-05 0.10054 0.000119073 9.95828e-07 4.05974e-05 0.00267348 0.00394585 2.0896e-05 0.000146434 6.63318e-09 4.89299e-07 3.39957e-11 0.000725907 1.20318e-05 1.96662e-06 7.46192e-06 0.067319 8.56328e-06 4.83256e-06 5.37654e-11 0.000111035 1.8966e-07 0.00202799 5.70829e-05 4.28661e-06 
0.0506779 1834.29 1684.57 2.32106 0.824933 4320 0.206778 1.343 863.147 1591.82 1340.4 0.55 0.9 1.0267e+06 0.6 1.2027e+08 1.44127e+07 0.704487 0.00212155 1.34991e-05 0.112496 7.40068e-05 0.109384 0.000160222 8.46949e-07 4.12036e-05 0.00300855 0.00422571 1.80233e-05 0.000159 5.40206e-09 4.31593e-07 2.73391e-11 0.000732515 1.12741e-05 1.88581e-06 7.69465e-06 0.060703 6.109e-06 6.90992e-06 3.75658e-11 0.000134582 2.31662e-07 0.00214708 5.42027e-05 4.27668e-06 
0.0507023 1885.84 1698.92 2.39188 0.824933 4320 0.206168 1.343 863.609 1591.82 1340.4 0.55 0.9 1.0438e+06 0.6 1.43221e+08 3.22467e+07 0.710176 0.00217778 1.62932e-05 0.103664 8.56809e-05 0.11843 0.000215015 7.08141e-07 4.09948e-05 0.00336933 0.00445528 1.52935e-05 0.000170763 4.49641e-09 3.89571e-07 2.17953e-11 0.000724303 1.0289e-05 1.76792e-06 7.76385e-06 0.0539649 4.26326e-06 9.80864e-06 2.58198e-11 0.000161536 2.7693e-07 0.00224258 5.05219e-05 4.21397e-06 
0.0507268 1938.37 1713.21 2.46424 0.824933 4320 0.205569 1.343 864.063 1591.82 1340.4 0.55 0.9 1.06078e+06 0.6 1.6726e+08 5.30388e+07 0.716119 0.0022256 1.95937e-05 0.0945844 9.85307e-05 0.127575 0.000287446 5.81589e-07 3.98655e-05 0.00375413 0.00461865 1.27618e-05 0.00018133 3.8716e-09 3.63919e-07 1.72516e-11 0.000699492 9.11454e-06 1.61709e-06 7.63695e-06 0.0472011 2.91604e-06 1.37752e-05 1.74853e-11 0.000191512 3.22664e-07 0.00230548 4.60776e-05 4.07123e-06 
0.0507512 1991.35 1727.4 2.53738 0.824933 4320 0.205128 1.343 864.506 1591.82 1340.4 0.55 0.9 1.07746e+06 0.6 1.92266e+08 7.34145e+07 0.722235 0.00226331 2.3456e-05 0.0853675 0.000112461 0.136706 0.000382297 4.68983e-07 3.77836e-05 0.00416077 0.00470231 1.04707e-05 0.000190352 3.48714e-09 3.54834e-07 1.35739e-11 0.000657279 7.80669e-06 1.44026e-06 7.29567e-06 0.0405177 1.95758e-06 1.90591e-05 1.16871e-11 0.000223614 3.64736e-07 0.00232664 4.09769e-05 3.82688e-06 
0.0507634 2017.78 1734.42 2.57397 0.824933 4320 0.204838 1.343 864.724 1591.82 1340.4 0.55 0.9 1.08561e+06 0.6 2.05173e+08 8.27227e+07 0.725343 0.00227789 2.56296e-05 0.0807223 0.000119825 0.141251 0.000440356 4.18082e-07 3.6397e-05 0.00437273 0.00471085 9.41907e-06 0.000194212 3.37323e-09 3.56536e-07 1.20254e-11 0.000629659 7.12366e-06 1.34484e-06 7.0433e-06 0.0372261 1.58659e-06 2.22858e-05 9.5035e-12 0.000240017 3.82897e-07 0.00231854 3.82267e-05 3.66144e-06 
0.0507756 2044.11 1741.4 2.61045 0.824933 4320 0.204623 1.343 864.938 1591.82 1340.4 0.55 0.9 1.09362e+06 0.6 2.18274e+08 9.3214e+07 0.72846 0.00228936 2.79608e-05 0.0760863 0.000127391 0.145748 0.000506318 3.71103e-07 3.47988e-05 0.0045895 0.00469554 8.43819e-06 0.000197576 3.30852e-09 3.62407e-07 1.06426e-11 0.000597914 6.43337e-06 1.24625e-06 6.73881e-06 0.0339966 1.27962e-06 2.59131e-05 7.71073e-12 0.00025631 3.98052e-07 0.00229678 3.53801e-05 3.46781e-06 
0.0507817 2057.21 1744.87 2.62861 0.824933 4320 0.204481 1.343 865.044 1591.82 1340.4 0.55 0.9 1.09756e+06 0.6 2.24915e+08 9.75545e+07 0.730022 0.00229389 2.91903e-05 0.0737702 0.000131247 0.147979 0.000542666 3.49031e-07 3.39272e-05 0.00469992 0.0046788 7.97289e-06 0.000199072 3.29317e-09 3.66879e-07 1.00084e-11 0.000580584 6.08817e-06 1.19611e-06 6.56806e-06 0.0324053 1.14569e-06 2.78825e-05 6.9363e-12 0.000264324 4.04299e-07 0.0022805 3.39284e-05 3.36081e-06 
0.0507878 2070.26 1748.32 2.64671 0.824933 4320 0.204375 1.343 865.149 1591.82 1340.4 0.55 0.9 1.10146e+06 0.6 2.31597e+08 1.04072e+08 0.731581 0.0022976 3.04598e-05 0.071462 0.00013514 0.150193 0.00058131 3.27954e-07 3.30123e-05 0.00481147 0.00465594 7.52542e-06 0.000200436 3.28882e-09 3.72359e-07 9.40946e-12 0.000562359 5.74482e-06 1.14566e-06 6.38583e-06 0.0308345 1.02402e-06 2.9951e-05 6.23654e-12 0.000272189 4.09517e-07 0.00226058 3.24645e-05 3.24753e-06 
0.0507908 2076.75 1750.04 2.65574 0.824933 4320 0.204323 1.343 865.201 1591.82 1340.4 0.55 0.9 1.1034e+06 0.6 2.34958e+08 1.05403e+08 0.732361 0.00229915 3.11104e-05 0.0703098 0.000137102 0.151294 0.000601553 3.17768e-07 3.25395e-05 0.00486775 0.00464221 7.30792e-06 0.000201071 3.29059e-09 3.75472e-07 9.12228e-12 0.000552923 5.574e-06 1.12034e-06 6.29056e-06 0.0300563 9.67229e-07 3.10227e-05 5.91165e-12 0.000276056 4.11718e-07 0.00224924 3.17285e-05 3.18861e-06 
0.0507924 2080 1750.9 2.66024 0.824933 4320 0.204288 1.343 865.227 1591.82 1340.4 0.55 0.9 1.10436e+06 0.6 2.36644e+08 1.04461e+08 0.73275 0.00229984 3.14396e-05 0.0697343 0.000138087 0.151843 0.000611909 3.12763e-07 3.22994e-05 0.00489601 0.00463477 7.20073e-06 0.000201376 3.29244e-09 3.77122e-07 8.98162e-12 0.000548126 5.48884e-06 1.10766e-06 6.24191e-06 0.029669 9.39794e-07 3.15678e-05 5.75516e-12 0.00027797 4.1271e-07 0.00224322 3.13596e-05 3.15861e-06 
0.0507939 2083.24 1751.75 2.66474 0.824933 4320 0.204253 1.343 865.253 1591.82 1340.4 0.55 0.9 1.10532e+06 0.6 2.38333e+08 1.05676e+08 0.73314 0.00230048 3.17713e-05 0.0691594 0.000139073 0.152391 0.000622417 3.07819e-07 3.20571e-05 0.00492434 0.00462695 7.09462e-06 0.000201673 3.29492e-09 3.78833e-07 8.84291e-12 0.00054328 5.40392e-06 1.09498e-06 6.19262e-06 0.0292832 9.12999e-07 3.21186e-05 5.6026e-12 0.00027987 4.13628e-07 0.00223698 3.09904e-05 3.12826e-06 
0.0507954 2086.47 1752.61 2.66923 0.824933 4320 0.204218 1.343 865.279 1591.82 1340.4 0.55 0.9 1.10628e+06 0.6 2.40023e+08 1.06889e+08 0.733528 0.00230107 3.21054e-05 0.0685853 0.000140062 0.152937 0.000633079 3.02935e-07 3.18126e-05 0.00495274 0.00461874 6.98959e-06 0.000201962 3.29804e-09 3.80604e-07 8.70609e-12 0.000538387 5.31925e-06 1.0823e-06 6.14271e-06 0.0288989 8.86823e-07 3.26752e-05 5.45387e-12 0.000281756 4.14472e-07 0.00223051 3.0621e-05 3.09757e-06 
0.0507969 2089.7 1753.47 2.67372 0.824933 4320 0.204183 1.343 865.305 1591.82 1340.4 0.55 0.9 1.10723e+06 0.6 2.41716e+08 1.08099e+08 0.733917 0.0023016 3.24419e-05 0.0680119 0.000141052 0.153482 0.000643894 2.9811e-07 3.1566e-05 0.0049812 0.00461015 6.88563e-06 0.000202242 3.30177e-09 3.82435e-07 8.5711e-12 0.000533447 5.23483e-06 1.06962e-06 6.0922e-06 0.0285161 8.61247e-07 3.32373e-05 5.30884e-12 0.000283626 4.15239e-07 0.00222382 3.02513e-05 3.06656e-06 
0.0507985 2092.92 1754.32 2.6782 0.824933 4320 0.204148 1.343 865.331 1591.82 1340.4 0.55 0.9 1.10818e+06 0.6 2.43412e+08 1.11816e+08 0.734305 0.00230209 3.27808e-05 0.0674393 0.000142045 0.154026 0.000654861 2.93344e-07 3.13174e-05 0.00500974 0.00460119 6.78272e-06 0.000202515 3.30612e-09 3.84326e-07 8.43791e-12 0.000528461 5.15069e-06 1.05694e-06 6.0411e-06 0.0281348 8.36249e-07 3.38049e-05 5.16738e-12 0.00028548 4.15928e-07 0.00221691 2.98815e-05 3.03522e-06 
0.0508 2096.14 1755.17 2.68267 0.824933 4320 0.204127 1.343 865.357 1591.82 1340.4 0.55 0.9 1.10913e+06 0.6 2.45109e+08 5.91749e+10 0.734693 0.00230251 3.3122e-05 0.0668674 0.00014304 0.154568 0.000665982 2.88635e-07 3.10668e-05 0.00503834 0.00459185 6.68085e-06 0.000202779 3.31107e-09 3.86277e-07 8.3065e-12 0.000523431 5.06682e-06 1.04427e-06 5.98942e-06 0.027755 8.1181e-07 3.43779e-05 5.02938e-12 0.000287317 4.16539e-07 0.00220978 2.95116e-05 3.00358e-06 
0.0508015 2099.36 1755.35 2.5706 0.862333 2620 1.75009 1.168 1323.36 934.45 525.95 0.55 0.9 448054 0.6 9.62126e+07 -5.90272e+10 0.73508 0.00230289 3.34656e-05 0.0662964 0.000144036 0.155109 0.000677255 2.83983e-07 3.08144e-05 0.00506701 0.00458214 6.58002e-06 0.000203036 3.31661e-09 3.88286e-07 8.17691e-12 0.000518358 4.98325e-06 1.03161e-06 5.93719e-06 0.0273768 7.87909e-07 3.4956e-05 4.89468e-12 0.000289137 4.17071e-07 0.00220243 2.91416e-05 2.97163e-06 
0.0508031 2102.02 1755.45 2.57414 0.862333 2620 1.75004 1.168 1323.37 934.45 525.95 0.55 0.9 448370 0.6 9.62016e+07 3.64258e+07 0.735402 0.00230316 3.37536e-05 0.0658222 0.000144868 0.155557 0.000686765 2.80161e-07 3.06028e-05 0.00509092 0.00457374 6.49703e-06 0.000203242 3.32173e-09 3.90008e-07 8.0708e-12 0.000514102 4.91399e-06 1.02108e-06 5.89328e-06 0.0270635 7.6848e-07 3.54414e-05 4.78538e-12 0.000290635 4.1745e-07 0.00219614 2.88338e-05 2.9448e-06 
0.0508046 2104.68 1755.55 2.57767 0.862333 2620 1.74999 1.168 1323.38 934.45 525.95 0.55 0.9 448684 0.6 9.61906e+07 3.76857e+07 0.735722 0.00230338 3.40434e-05 0.0653495 0.0001457 0.156004 0.000696395 2.76392e-07 3.03902e-05 0.00511484 0.00456504 6.41507e-06 0.000203442 3.32734e-09 3.91778e-07 7.96666e-12 0.000509817 4.84512e-06 1.01059e-06 5.84899e-06 0.026752 7.49533e-07 3.59306e-05 4.67893e-12 0.000292116 4.1777e-07 0.00218966 2.85266e-05 2.91777e-06 
0.0508061 2107.32 1755.65 2.58118 0.862333 2620 1.74993 1.168 1323.39 934.45 525.95 0.55 0.9 448996 0.6 9.61797e+07 3.89406e+07 0.736042 0.00230355 3.43352e-05 0.0648784 0.000146534 0.156449 0.000706145 2.72676e-07 3.01765e-05 0.00513877 0.00455604 6.33416e-06 0.000203634 3.33344e-09 3.93595e-07 7.86447e-12 0.000505506 4.77666e-06 1.00012e-06 5.80433e-06 0.0264424 7.31052e-07 3.64233e-05 4.57523e-12 0.000293579 4.18031e-07 0.00218302 2.82199e-05 2.89055e-06 
0.0508076 2109.94 1755.75 2.58468 0.862333 2620 1.74988 1.168 1323.4 934.45 525.95 0.55 0.9 449306 0.6 9.61688e+07 3.96312e+07 0.73636 0.00230368 3.46289e-05 0.0644089 0.00014737 0.156892 0.000716014 2.69012e-07 2.99617e-05 0.00516273 0.00454674 6.25426e-06 0.000203819 3.34003e-09 3.95459e-07 7.76421e-12 0.000501169 4.7086e-06 9.89689e-07 5.75933e-06 0.0261346 7.13026e-07 3.69195e-05 4.47417e-12 0.000295024 4.18234e-07 0.0021762 2.79139e-05 2.86314e-06 
0.0508092 2112.56 1755.85 2.58815 0.862333 2620 1.7498 1.168 1323.4 934.45 525.95 0.55 0.9 449613 0.6 9.61581e+07 4.03199e+07 0.736677 0.00230376 3.49246e-05 0.0639411 0.000148207 0.157333 0.000726003 2.65398e-07 2.97461e-05 0.00518669 0.00453714 6.17538e-06 0.000203997 3.34708e-09 3.9737e-07 7.66583e-12 0.000496807 4.64095e-06 9.79289e-07 5.714e-06 0.0258286 6.9544e-07 3.74191e-05 4.37568e-12 0.00029645 4.18377e-07 0.00216922 2.76086e-05 2.83556e-06 
0.0508122 2117.74 1756.04 2.59506 0.862333 2620 1.74965 1.168 1323.42 934.45 525.95 0.55 0.9 450223 0.6 9.61368e+07 4.3541e+07 0.737308 0.00230379 3.5521e-05 0.0630109 0.000149884 0.158209 0.000746324 2.58327e-07 2.93123e-05 0.00523463 0.00451708 6.02071e-06 0.000204332 3.36259e-09 4.01327e-07 7.47462e-12 0.000488016 4.507e-06 9.58607e-07 5.62242e-06 0.0252226 6.61573e-07 3.84275e-05 4.18624e-12 0.000299241 4.18483e-07 0.00215476 2.70004e-05 2.77992e-06 
0.0508183 2127.95 1756.44 2.60866 0.862333 2620 1.74944 1.168 1323.46 934.45 525.95 0.55 0.9 451418 0.6 9.6095e+07 4.82457e+07 0.738552 0.00230329 3.67346e-05 0.0611729 0.000153252 0.159935 0.00078834 2.44787e-07 2.84366e-05 0.00533056 0.00447354 5.72353e-06 0.000204916 3.39902e-09 4.09774e-07 7.11313e-12 0.000470193 4.24458e-06 9.1774e-07 5.43598e-06 0.0240346 5.98743e-07 4.0478e-05 3.83563e-12 0.000304576 4.17968e-07 0.00212395 2.57949e-05 2.66692e-06 
0.0508244 2137.94 1756.83 2.62198 0.862333 2620 1.74912 1.168 1323.5 934.45 525.95 0.55 0.9 452581 0.6 9.60541e+07 5.32279e+07 0.739777 0.00230206 3.79767e-05 0.0593631 0.000156646 0.16163 0.000832254 2.32e-07 2.75522e-05 0.00542666 0.00442559 5.44147e-06 0.00020539 3.44229e-09 4.18909e-07 6.77721e-12 0.000452089 3.98952e-06 8.77555e-07 5.24573e-06 0.0228771 5.41645e-07 4.25685e-05 3.51854e-12 0.000309558 4.16478e-07 0.00209068 2.46046e-05 2.55202e-06 
0.0508366 2157.22 1757.62 2.64772 0.862333 2620 1.74871 1.168 1323.57 934.45 525.95 0.55 0.9 454807 0.6 9.5975e+07 6.23605e+07 0.742155 0.00229745 4.05379e-05 0.0558384 0.000163496 0.164913 0.00092564 2.08661e-07 2.57718e-05 0.00561892 0.0043172 4.92237e-06 0.000205999 3.54798e-09 4.39103e-07 6.17561e-12 0.00041533 3.50376e-06 7.99639e-07 4.85721e-06 0.0206605 4.43109e-07 4.68336e-05 2.97456e-12 0.000318356 4.10533e-07 0.00201731 2.22826e-05 2.31876e-06 
0.0508488 2175.54 1758.4 2.67222 0.862333 2620 1.74809 1.168 1323.64 934.45 525.95 0.55 0.9 456899 0.6 9.58982e+07 7.1434e+07 0.74444 0.00229002 4.32039e-05 0.0524376 0.000170446 0.168058 0.00102685 1.8808e-07 2.3995e-05 0.00581158 0.00419358 4.45755e-06 0.000206143 3.67666e-09 4.61635e-07 5.65635e-12 0.000378285 3.05177e-06 7.25289e-07 4.46343e-06 0.0185718 3.61255e-07 5.1145e-05 2.52942e-12 0.000325399 4.00755e-07 0.00193557 2.00515e-05 2.08463e-06 
0.0508732 2209.11 1759.94 2.71724 0.862333 2620 1.74728 1.168 1323.78 934.45 525.95 0.55 0.9 460675 0.6 9.5749e+07 8.81861e+07 0.74869 0.0022671 4.88127e-05 0.0460515 0.000184637 0.173899 0.00125263 1.5471e-07 2.0533e-05 0.00619619 0.0039064 3.68278e-06 0.000204918 3.99236e-09 5.12501e-07 4.83229e-12 0.000305215 2.25791e-06 5.89069e-07 3.68313e-06 0.0148012 2.38848e-07 5.96028e-05 1.87232e-12 0.000333488 3.70269e-07 0.00175059 1.59296e-05 1.62862e-06 
0.0508977 2238.35 1761.46 2.75665 0.862333 2620 1.74649 1.168 1323.92 934.45 525.95 0.55 0.9 463898 0.6 9.55982e+07 1.02563e+08 0.752503 0.00223439 5.47819e-05 0.0402192 0.000199433 0.179142 0.00151123 1.30478e-07 1.72919e-05 0.00657986 0.00357913 3.08041e-06 0.000201317 4.36281e-09 5.6841e-07 4.23987e-12 0.000236749 1.61135e-06 4.70617e-07 2.94841e-06 0.0115554 1.54678e-07 6.71256e-05 1.43438e-12 0.000332448 3.27994e-07 0.00154443 1.23313e-05 1.21297e-06 
0.0509221 2263.07 1762.94 2.79015 0.862333 2620 1.74572 1.168 1324.06 934.45 525.95 0.55 0.9 466566 0.6 9.54396e+07 1.14747e+08 0.755854 0.00219323 6.10633e-05 0.0349672 0.000215166 0.18377 0.00180239 1.14273e-07 1.43547e-05 0.00695994 0.00322459 2.62389e-06 0.000194809 4.75321e-09 6.24899e-07 3.83815e-12 0.000175865 1.10669e-06 3.70395e-07 2.29107e-06 0.00882796 9.77148e-08 7.28461e-05 1.14624e-12 0.000321545 2.77969e-07 0.00132672 9.30383e-06 8.57883e-07 
0.0509465 2283.17 1764.38 2.81762 0.862333 2620 1.74497 1.168 1324.19 934.45 525.95 0.55 0.9 468691 0.6 9.5268e+07 1.2464e+08 0.75874 0.00214527 6.75881e-05 0.0303034 0.000232267 0.187787 0.0021238 1.05122e-07 1.17677e-05 0.00733232 0.00285516 2.28692e-06 0.00018488 5.11723e-09 6.75821e-07 3.59537e-12 0.000124605 7.2959e-07 2.87519e-07 1.73008e-06 0.00659417 5.99271e-08 7.59476e-05 9.61251e-13 0.00030093 2.25006e-07 0.00110784 6.84658e-06 5.74155e-07 
0.0509709 2298.73 1765.78 2.83914 0.862333 2620 1.74425 1.168 1324.32 934.45 525.95 0.55 0.9 470297 0.6 9.5079e+07 1.32235e+08 0.761173 0.00209237 7.42597e-05 0.0262193 0.000251175 0.191212 0.00247042 1.02232e-07 9.54874e-06 0.00769106 0.00248249 2.04524e-06 0.000171231 5.40074e-09 7.13847e-07 3.48682e-12 8.38921e-05 4.6042e-07 2.20247e-07 1.27162e-06 0.00481352 3.55116e-08 7.58522e-05 8.48621e-13 0.000271794 1.73857e-07 0.00089789 4.91989e-06 3.62575e-07 
0.0509953 2309.96 1767.13 2.855 0.862333 2620 1.74354 1.168 1324.44 934.45 525.95 0.55 0.9 471420 0.6 9.4869e+07 1.37615e+08 0.763183 0.00203655 8.09505e-05 0.0226919 0.000272205 0.194084 0.00283409 1.04921e-07 7.69409e-06 0.00802857 0.00211745 1.87747e-06 0.000153995 5.55162e-09 7.31804e-07 3.49238e-12 5.35009e-05 2.77424e-07 1.66448e-07 9.11435e-07 0.00343356 2.02511e-08 7.23942e-05 7.88158e-13 0.000236346 1.28395e-07 0.000705565 3.45766e-06 2.15638e-07 
0.0510197 2317.21 1768.44 2.86564 0.862333 2620 1.74287 1.168 1324.56 934.45 525.95 0.55 0.9 472106 0.6 9.46354e+07 1.40948e+08 0.764813 0.00197978 8.75065e-05 0.0196864 0.000295406 0.196454 0.00320371 1.1252e-07 6.18474e-06 0.00833659 0.00177008 1.76527e-06 0.00013388 5.53451e-09 7.24719e-07 3.59397e-12 3.22518e-05 1.59293e-07 1.23971e-07 6.38294e-07 0.0023946 1.10817e-08 6.59132e-05 7.66445e-13 0.000197544 9.10163e-08 0.000537292 2.38078e-06 1.20726e-07 
0.0510441 2320.96 1769.7 2.87166 0.862333 2620 1.74222 1.168 1324.68 934.45 525.95 0.55 0.9 472410 0.6 9.43764e+07 1.42471e+08 0.766109 0.0019239 9.37609e-05 0.0171591 0.000320454 0.198383 0.0035662 1.24264e-07 4.98959e-06 0.00860766 0.00144919 1.69328e-06 0.000112139 5.34439e-09 6.91803e-07 3.77354e-12 1.83665e-05 8.70746e-08 9.0863e-08 4.37567e-07 0.0016346 5.81075e-09 5.72106e-05 7.74115e-13 0.000158597 6.24661e-08 0.000396626 1.60892e-06 6.37008e-08 
0.0510686 2321.74 1770.91 2.87376 0.862333 2620 1.7416 1.168 1324.79 934.45 525.95 0.55 0.9 472393 0.6 9.40909e+07 1.42466e+08 0.767124 0.00187049 9.95544e-05 0.0150608 0.00034663 0.199936 0.00390824 1.39241e-07 4.06867e-06 0.00883675 0.00116173 1.64899e-06 9.03399e-05 5.01136e-09 6.37268e-07 4.01203e-12 9.89069e-06 4.53295e-08 6.5441e-08 2.94119e-07 0.00109399 2.92016e-09 4.73661e-05 8.04008e-13 0.000122376 4.20912e-08 0.000284168 1.0689e-06 3.17699e-08 
0.051093 2320.11 1772.07 2.87265 0.862333 2620 1.741 1.168 1324.89 934.45 525.95 0.55 0.9 472115 0.6 9.37782e+07 1.41237e+08 0.767905 0.00182077 0.000104756 0.0133392 0.000372919 0.201177 0.00421825 1.56412e-07 3.37691e-06 0.00902228 0.000912212 1.62262e-06 6.99993e-05 4.59222e-09 5.69312e-07 4.28971e-12 5.05024e-06 2.25129e-08 4.62696e-08 1.9415e-07 0.000719377 1.4089e-09 3.74775e-05 8.50075e-13 9.09233e-05 2.83935e-08 0.000198011 6.9918e-07 1.50433e-08 
0.0511174 2316.63 1773.19 2.86904 0.862333 2620 1.74043 1.168 1324.99 934.45 525.95 0.55 0.9 471634 0.6 9.34386e+07 1.39077e+08 0.768499 0.00177552 0.000109279 0.0119417 0.000398186 0.202165 0.00448793 1.74705e-07 2.86857e-06 0.00916628 0.000702263 1.60697e-06 5.2258e-05 4.15245e-09 4.97635e-07 4.58762e-12 2.45496e-06 1.06996e-08 3.21111e-08 1.26058e-07 0.000465879 6.54545e-10 2.84271e-05 9.06911e-13 6.52422e-05 1.96229e-08 0.000134558 4.50932e-07 6.80053e-09 
0.0511418 2311.78 1774.26 2.86357 0.862333 2620 1.73988 1.168 1325.09 934.45 525.95 0.55 0.9 471003 0.6 9.30723e+07 1.36248e+08 0.768944 0.00173512 0.000113084 0.0108179 0.00042139 0.202953 0.004713 1.93135e-07 2.50123e-06 0.00927354 0.000530806 1.59705e-06 3.77055e-05 3.74771e-09 4.30747e-07 4.88937e-12 1.1418e-06 4.88571e-09 2.18878e-08 8.06389e-08 0.000297851 2.93921e-10 2.07534e-05 9.69718e-13 4.53824e-05 1.42029e-08 8.94507e-05 2.87163e-07 2.95304e-09 
0.0511662 2305.97 1775.28 2.85675 0.862333 2620 1.73936 1.168 1325.18 934.45 525.95 0.55 0.9 470263 0.6 9.268e+07 1.32972e+08 0.769275 0.00169958 0.000116179 0.00992086 0.000441742 0.203585 0.00489304 2.10906e-07 2.23856e-06 0.00935044 0.000394583 1.58975e-06 2.63986e-05 3.41278e-09 3.74222e-07 5.18239e-12 5.10797e-07 2.15287e-09 1.46705e-08 5.09067e-08 0.000188387 1.28084e-10 1.46479e-05 1.03448e-12 3.07253e-05 1.09244e-08 5.8351e-05 1.80812e-07 1.23913e-09 
0.0511906 2299.54 1776.26 2.84904 0.862333 2620 1.73886 1.168 1325.27 934.45 525.95 0.55 0.9 469451 0.6 9.22627e+07 1.29423e+08 0.769518 0.00166864 0.000118607 0.00920884 0.000458784 0.204095 0.00503068 2.27463e-07 2.05138e-06 0.00940367 0.000288975 1.58322e-06 1.80099e-05 3.16035e-09 3.30353e-07 5.45833e-12 2.20804e-07 9.18925e-10 9.67967e-09 3.17537e-08 0.000118036 5.43431e-11 1.00383e-05 1.0981e-12 2.03198e-05 8.95648e-09 3.74427e-05 1.12666e-07 5.04848e-10 
0.051215 2292.72 1777.19 2.84074 0.862333 2620 1.73839 1.168 1325.35 934.45 525.95 0.55 0.9 468593 0.6 9.18214e+07 1.25575e+08 0.769696 0.00164186 0.000120434 0.00864546 0.000472382 0.204513 0.00513044 2.42493e-07 1.91747e-06 0.00943936 0.00020881 1.57652e-06 1.20151e-05 2.98639e-09 2.98837e-07 5.71269e-12 9.22564e-08 3.79574e-10 6.28668e-09 1.95637e-08 7.32217e-05 2.24302e-11 6.70163e-06 1.15845e-12 1.31538e-05 7.76936e-09 2.36496e-05 6.94271e-08 1.99882e-10 
0.0512395 2285.71 1778.08 2.83211 0.862333 2620 1.73772 1.168 1325.43 934.45 525.95 0.55 0.9 467708 0.6 9.13572e+07 1.21911e+08 0.769825 0.00161871 0.000121737 0.00819992 0.000482648 0.204859 0.00519774 2.55874e-07 1.82047e-06 0.00946261 0.000149021 1.56924e-06 7.85046e-06 2.87788e-09 2.77885e-07 5.94389e-12 3.60536e-08 1.45825e-10 4.00533e-09 1.18412e-08 4.47095e-05 8.71894e-12 4.3625e-06 1.21425e-12 8.32068e-06 7.03892e-09 1.46444e-05 4.20672e-08 7.49114e-11 
0.0512883 2271.45 1779.73 2.81436 0.862333 2620 1.7369 1.168 1325.58 934.45 525.95 0.55 0.9 465901 0.6 9.03682e+07 1.14583e+08 0.769978 0.00158162 0.000123009 0.00758526 0.000493958 0.205389 0.0052514 2.77517e-07 1.70029e-06 0.00948374 7.69424e-05 1.55249e-06 3.5166e-06 2.81322e-09 2.61336e-07 6.3353e-12 6.79059e-09 2.7374e-11 1.71073e-09 4.64535e-09 1.79488e-05 1.64009e-12 1.90057e-06 1.30959e-12 3.46857e-06 6.34826e-09 5.95112e-06 1.65755e-08 1.27883e-11 
0.0513371 2257.39 1781.23 2.7967 0.862333 2620 1.73616 1.168 1325.72 934.45 525.95 0.55 0.9 464104 0.6 8.93002e+07 1.0746e+08 0.77006 0.00155278 0.000123096 0.00718582 0.000496526 0.205798 0.00523737 2.94021e-07 1.62766e-06 0.0094901 3.90967e-05 1.53377e-06 1.63176e-06 2.84084e-09 2.60926e-07 6.65628e-12 1.21482e-09 4.87214e-12 7.21932e-10 1.8146e-09 7.19325e-06 2.94274e-13 8.26073e-07 1.38645e-12 1.42622e-06 6.02827e-09 2.39686e-06 6.51048e-09 2.09358e-12 
0.0513859 2243.73 1782.58 2.77944 0.862333 2620 1.7355 1.168 1325.84 934.45 525.95 0.55 0.9 462342 0.6 8.81623e+07 1.00739e+08 0.770104 0.00152925 0.000122419 0.00691502 0.00049327 0.206135 0.00518233 3.06736e-07 1.57879e-06 0.00949009 1.97067e-05 1.51416e-06 8.39063e-07 2.90643e-09 2.67715e-07 6.92664e-12 2.13281e-10 8.47954e-13 3.03293e-10 7.13545e-10 2.89049e-06 5.18788e-14 3.7371e-07 1.44881e-12 5.86442e-07 5.84344e-09 9.63797e-07 2.57385e-09 3.40069e-13 
0.0514348 2230.54 1783.8 2.76271 0.862333 2620 1.7349 1.168 1325.95 934.45 525.95 0.55 0.9 460628 0.6 8.69628e+07 9.43903e+07 0.770127 0.00150909 0.000121265 0.00672002 0.000486391 0.206429 0.00510377 3.16795e-07 1.5423e-06 0.00948745 9.88833e-06 1.49452e-06 5.10271e-07 2.98496e-09 2.77365e-07 7.16301e-12 3.75119e-11 1.48615e-13 1.26981e-10 2.84495e-10 1.16123e-06 9.0741e-15 1.85593e-07 1.50073e-12 2.43679e-07 5.70635e-09 3.87085e-07 1.0301e-09 5.52456e-14 
0.0514836 2217.82 1784.88 2.74655 0.862333 2620 1.73415 1.168 1326.04 934.45 525.95 0.55 0.9 458963 0.6 8.57096e+07 8.8537e+07 0.770141 0.00149103 0.000119821 0.00656903 0.000477386 0.206696 0.00501261 3.25029e-07 1.5126e-06 0.00948381 4.86974e-06 1.47549e-06 3.71099e-07 3.06632e-09 2.87995e-07 7.37761e-12 6.08545e-12 2.52214e-14 5.08399e-11 1.1215e-10 4.44113e-07 1.39853e-15 1.05019e-07 1.54548e-12 1.0032e-07 5.58513e-09 1.48562e-07 4.0583e-10 8.06815e-15 
0.0515812 2193.83 1786.69 2.716 0.862333 2620 1.73333 1.168 1326.2 934.45 525.95 0.55 0.9 455789 0.6 8.30865e+07 7.79558e+07 0.770151 0.00145881 0.000116411 0.00634081 0.000455871 0.207184 0.00481239 3.37536e-07 1.4644e-06 0.00947572 1.58871e-06 1.44014e-06 3.02182e-07 3.2252e-09 3.09742e-07 7.76287e-12 6.98758e-13 4.80447e-15 1.26864e-11 3.13483e-11 9.91914e-08 9.30488e-17 6.12988e-08 1.6194e-12 3.00472e-08 5.35471e-09 3.44004e-08 1.11878e-10 5.00084e-16 
0.0516789 2171.46 1788.06 2.68748 0.862333 2620 1.73272 1.168 1326.33 934.45 525.95 0.55 0.9 452797 0.6 8.03229e+07 6.8666e+07 0.770154 0.00142907 0.000112775 0.00614605 0.000433282 0.207641 0.00461097 3.4734e-07 1.42313e-06 0.00946789 6.38527e-07 1.40921e-06 2.87896e-07 3.37824e-09 3.31338e-07 8.1282e-12 3.10634e-13 3.33021e-15 4.25316e-12 1.45708e-11 2.70448e-08 9.00412e-18 4.79535e-08 1.6838e-12 1.48487e-08 5.1292e-09 1.07475e-08 5.08556e-11 7.2481e-17 
0.0517766 2150.58 1789.06 2.66084 0.862333 2620 1.73229 1.168 1326.42 934.45 525.95 0.55 0.9 449974 0.6 7.74637e+07 6.05364e+07 0.770156 0.0014008 0.000109091 0.00596412 0.000410948 0.208078 0.00441613 3.55325e-07 1.38587e-06 0.00946057 3.58e-07 1.38248e-06 2.85854e-07 3.52616e-09 3.52685e-07 8.48508e-12 2.63446e-13 3.12995e-15 2.32531e-12 1.04483e-11 1.1308e-08 2.41544e-18 4.13889e-08 1.74223e-12 1.11077e-08 4.91003e-09 5.54031e-09 3.63327e-11 3.89718e-17 
0.0518742 2131.06 1789.73 2.63593 0.862333 2620 1.73202 1.168 1326.48 934.45 525.95 0.55 0.9 447310 0.6 7.45477e+07 5.34205e+07 0.770158 0.00137367 0.000105439 0.00578799 0.000389399 0.208497 0.00423056 3.61887e-07 1.35125e-06 0.00945378 2.73559e-07 1.35946e-06 2.87094e-07 3.66938e-09 3.73761e-07 8.83707e-12 2.48025e-13 3.0423e-15 1.86659e-12 8.99698e-12 7.62518e-09 1.61014e-18 3.67575e-08 1.79602e-12 9.88925e-09 4.69895e-09 4.23223e-09 3.16256e-11 3.39554e-17 
0.0519719 2112.8 1790.1 2.61262 0.862333 2620 1.73193 1.168 1326.51 934.45 525.95 0.55 0.9 444796 0.6 7.16076e+07 4.71909e+07 0.770159 0.00134753 0.00010186 0.00561563 0.000368844 0.208901 0.00405499 3.67219e-07 1.31852e-06 0.0094475 2.47684e-07 1.33961e-06 2.89552e-07 3.80788e-09 3.94515e-07 9.1843e-12 2.38291e-13 2.97341e-15 1.75199e-12 8.20126e-12 6.61304e-09 1.47471e-18 3.29758e-08 1.84552e-12 9.28599e-09 4.49694e-09 3.79038e-09 2.9262e-11 3.25016e-17 
0.0521672 2079.86 1790.06 2.57054 0.862333 2620 1.73216 1.168 1326.51 934.45 525.95 0.55 0.9 440200 0.6 6.58209e+07 3.70072e+07 0.770161 0.00129793 9.49628e-05 0.00528042 0.000330849 0.209661 0.0037334 3.74308e-07 1.25645e-06 0.00943633 2.42829e-07 1.3076e-06 2.96161e-07 4.06749e-09 4.34441e-07 9.8518e-12 2.24218e-13 2.84945e-15 1.74012e-12 7.19281e-12 6.15527e-09 1.5177e-18 2.69714e-08 1.92962e-12 8.55647e-09 4.12013e-09 3.44043e-09 2.646e-11 3.14526e-17 
0.0523625 2050.48 1789.21 2.53301 0.862333 2620 1.73276 1.168 1326.43 934.45 525.95 0.55 0.9 436046 0.6 6.01596e+07 2.90714e+07 0.770163 0.00125179 8.85048e-05 0.00495874 0.00029685 0.210365 0.00344551 3.77898e-07 1.19781e-06 0.00942653 2.48396e-07 1.28231e-06 3.04064e-07 4.30998e-09 4.72968e-07 1.04929e-11 2.13552e-13 2.73376e-15 1.77312e-12 6.48697e-12 5.98463e-09 1.62424e-18 2.23503e-08 1.99777e-12 8.01933e-09 3.7789e-09 3.21842e-09 2.45597e-11 3.09378e-17 
0.0525578 2024.17 1787.72 2.49939 0.862333 2620 1.73366 1.168 1326.3 934.45 525.95 0.55 0.9 432282 0.6 5.47406e+07 2.28392e+07 0.770166 0.00120898 8.25173e-05 0.00465304 0.000266631 0.211013 0.00318797 3.78534e-07 1.1417e-06 0.00941787 2.57294e-07 1.26161e-06 3.12665e-07 4.5346e-09 5.09791e-07 1.1098e-11 2.0496e-13 2.62199e-15 1.8216e-12 5.96708e-12 5.91035e-09 1.75838e-18 1.87374e-08 2.04976e-12 7.58728e-09 3.47154e-09 3.05151e-09 2.32048e-11 3.06466e-17 
0.0527531 2000.53 1785.73 2.4692 0.862333 2620 1.73552 1.168 1326.12 934.45 525.95 0.55 0.9 428866 0.6 4.96419e+07 1.79135e+07 0.770169 0.00116938 7.70099e-05 0.00436562 0.000239922 0.211607 0.00295785 3.7673e-07 1.08788e-06 0.00941021 2.67973e-07 1.24405e-06 3.21568e-07 4.74082e-09 5.4463e-07 1.1659e-11 1.97709e-13 2.51283e-15 1.87735e-12 5.57493e-12 5.89033e-09 1.91124e-18 1.5879e-08 2.08601e-12 7.2235e-09 3.19592e-09 2.91856e-09 2.22257e-11 3.04595e-17 
0.0531438 1960.62 1780.57 2.41822 0.862333 2620 1.74031 1.168 1325.66 934.45 525.95 0.55 0.9 423015 0.6 4.07172e+07 1.11887e+07 0.770174 0.00109919 6.73969e-05 0.00385272 0.000195985 0.212637 0.00257184 3.67251e-07 9.87181e-07 0.00939752 2.9254e-07 1.21537e-06 3.3899e-07 5.0905e-09 6.06305e-07 1.26068e-11 1.85457e-13 2.30011e-15 1.99343e-12 5.05034e-12 5.94965e-09 2.24992e-18 1.17806e-08 2.11231e-12 6.62562e-09 2.73103e-09 2.71784e-09 2.10351e-11 3.01176e-17 
0.053925 1900.73 1767.33 2.34176 0.862333 2620 1.7477 1.168 1324.46 934.45 525.95 0.55 0.9 414067 0.6 2.69539e+07 4.77541e+06 0.770182 0.000988599 5.28869e-05 0.00304618 0.000135745 0.214199 0.00201276 3.37181e-07 8.15126e-07 0.00937902 3.47682e-07 1.16855e-06 3.70567e-07 5.59638e-09 7.03049e-07 1.38969e-11 1.65829e-13 1.92203e-15 2.20259e-12 4.51828e-12 6.22778e-09 2.99214e-18 7.14748e-09 2.04267e-12 5.70835e-09 2.06329e-09 2.44203e-09 2.01811e-11 2.92257e-17 
0.0547062 1854.65 1752.48 2.28311 0.862333 2620 1.75577 1.168 1323.09 934.45 525.95 0.55 0.9 407093 0.6 1.69862e+07 1.83601e+06 0.770189 0.000904192 4.23518e-05 0.00242189 9.62937e-05 0.215366 0.00161179 3.01419e-07 6.69777e-07 0.00936503 4.0826e-07 1.12006e-06 3.99346e-07 5.93673e-09 7.76819e-07 1.45607e-11 1.49484e-13 1.60507e-15 2.37423e-12 4.27364e-12 6.59174e-09 3.8149e-18 4.636e-09 1.87397e-12 4.96259e-09 1.6016e-09 2.2324e-09 2.02155e-11 2.80898e-17 
0.0554875 1817.83 1737.06 2.23638 0.862333 2620 1.76836 1.168 1321.65 934.45 525.95 0.55 0.9 401483 0.6 1.00716e+07 396259 0.770195 0.000839203 3.45943e-05 0.0019389 6.98604e-05 0.216249 0.00131571 2.65633e-07 5.49269e-07 0.00935405 4.70582e-07 1.06761e-06 4.25172e-07 6.14674e-09 8.30905e-07 1.46993e-11 1.35468e-13 1.34705e-15 2.50029e-12 4.16524e-12 6.98012e-09 4.66149e-18 3.16095e-09 1.65856e-12 4.33347e-09 1.27433e-09 2.05625e-09 2.06781e-11 2.67988e-17 
0.05705 1763.52 1706.04 2.16778 0.862333 2620 1.78534 1.168 1318.65 934.45 525.95 0.55 0.9 393188 0.6 2.64255e+06 -430456 0.770203 0.000752828 2.49291e-05 0.00131487 4.0674e-05 0.217383 0.000939122 2.09207e-07 3.83963e-07 0.00933867 5.88151e-07 9.66881e-07 4.68733e-07 6.35396e-09 9.02839e-07 1.42396e-11 1.1504e-13 1.00106e-15 2.63573e-12 4.11955e-12 7.64079e-09 6.19165e-18 1.69731e-09 1.27028e-12 3.40917e-09 8.81243e-10 1.77402e-09 2.20553e-11 2.45158e-17 
0.0586125 1720.31 1675.89 2.11352 0.862333 2620 1.80216 1.168 1315.63 934.45 525.95 0.55 0.9 386594 0.6 -1.07818e+06 -777298 0.770209 0.000695721 1.87279e-05 0.00090491 2.46255e-05 0.218126 0.000690349 1.63335e-07 2.68227e-07 0.00932737 7.03242e-07 8.60349e-07 5.08593e-07 6.38278e-09 9.45642e-07 1.30939e-11 9.92096e-14 7.63595e-16 2.66821e-12 4.18322e-12 8.23948e-09 7.57426e-18 9.78853e-10 9.2622e-13 2.70468e-09 6.39218e-10 1.5299e-09 2.38741e-11 2.2386e-17 
0.060175 1683.69 1647.08 2.06778 0.862333 2620 1.82642 1.168 1312.64 934.45 525.95 0.55 0.9 381019 0.6 -2.96724e+06 -844247 0.770213 0.000656996 1.44947e-05 0.000630366 1.52938e-05 0.218631 0.000516979 1.27076e-07 1.87193e-07 0.00931875 8.15385e-07 7.54607e-07 5.46693e-07 6.30476e-09 9.69887e-07 1.16405e-11 8.6495e-14 5.94808e-16 2.62226e-12 4.30937e-12 8.74848e-09 8.69936e-18 5.90773e-10 6.52918e-13 2.15991e-09 4.79406e-10 1.31161e-09 2.60299e-11 2.04228e-17 
0.0633 1622.92 1593.61 1.99231 0.862333 2620 1.86595 1.168 1306.79 934.45 525.95 0.55 0.9 371798 0.6 -4.02928e+06 -598538 0.770218 0.00061457 9.63435e-06 0.000342908 6.7254e-06 0.219184 0.000312864 8.2588e-08 9.98115e-08 0.0093073 1.03269e-06 5.84114e-07 6.23258e-07 6.16974e-09 1.01898e-06 9.29596e-12 6.96475e-14 4.01268e-16 2.42724e-12 4.66983e-12 9.24949e-09 1.0041e-17 2.49027e-10 3.38727e-13 1.46044e-09 3.01262e-10 9.58343e-10 3.11218e-11 1.75364e-17 
0.0680875 1543.86 1519.51 1.89467 0.862333 2620 1.91279 1.168 1298.01 934.45 525.95 0.55 0.9 359732 0.6 -3.64261e+06 -413869 0.770223 0.000586228 5.57633e-06 0.000159237 2.04261e-06 0.219572 0.000150816 4.32816e-08 4.11987e-08 0.00929708 1.3726e-06 3.89491e-07 7.50721e-07 5.85349e-09 1.07422e-06 6.38153e-12 5.05686e-14 2.33286e-16 1.9487e-12 5.52367e-12 9.05038e-09 9.63341e-18 7.31834e-11 1.15346e-13 8.18031e-10 1.60807e-10 5.45284e-10 4.21733e-11 1.3499e-17 
0.072875 1473.66 1452.17 1.80826 0.862333 2620 1.95964 1.168 1289.29 934.45 525.95 0.55 0.9 348848 0.6 -2.66771e+06 -101797 0.770225 0.000574829 3.0529e-06 8.69138e-05 5.34744e-07 0.219747 6.71411e-05 1.91362e-08 1.69604e-08 0.00929147 1.70232e-06 2.48631e-07 8.90185e-07 5.08488e-09 1.03215e-06 3.81674e-12 3.27593e-14 1.19317e-16 1.41324e-12 6.78917e-12 8.12492e-09 6.61548e-18 1.96142e-11 2.93093e-14 4.13891e-10 8.12363e-11 2.60214e-10 5.90825e-11 8.97183e-18 
0.0776625 1406.5 1387.64 1.73042 0.86 2620 1.70458 1.15014 1280.23 986.375 683 0.55 0.9 370212 0.6 -1.66867e+06 -779437 0.770226 0.000570689 1.48124e-06 6.04561e-05 1.11226e-07 0.219822 2.58498e-05 6.64641e-09 7.37191e-09 0.00928876 1.9867e-06 1.61263e-07 1.05019e-06 3.97321e-09 8.94547e-07 2.0867e-12 1.78609e-14 4.95286e-17 1.17456e-12 8.70239e-12 6.93793e-09 3.39754e-18 4.29731e-12 5.72182e-15 1.78142e-10 3.61817e-11 1.01086e-10 8.69437e-11 4.92358e-18 
0.0800562 1373.27 1354.48 1.6895 0.86 2620 1.72678 1.15014 1275.27 986.375 683 0.55 0.9 364377 0.6 -1.19435e+06 -45137.6 0.770227 0.00056974 9.06812e-07 5.34518e-05 4.08788e-08 0.219843 1.39602e-05 3.07419e-09 4.50512e-09 0.00928798 2.09535e-06 1.2994e-07 1.13156e-06 3.14601e-09 7.4634e-07 1.37795e-12 1.12242e-14 2.59934e-17 1.2879e-12 1.01622e-11 6.43463e-09 2.04182e-18 1.66736e-12 2.08734e-15 1.00438e-10 2.1157e-11 5.46174e-11 1.09416e-10 3.09162e-18 
0.08245 1340.53 1321.89 1.6492 0.86 2620 1.74966 1.15014 1270.2 986.375 683 0.55 0.9 358568 0.6 -815349 160695 0.770227 0.000569297 5.22062e-07 4.98138e-05 1.43329e-08 0.219855 7.05408e-06 1.27208e-09 2.71171e-09 0.00928755 2.17239e-06 1.11023e-07 1.21156e-06 2.3602e-09 5.91203e-07 9.16094e-13 6.40157e-15 1.2619e-17 1.69797e-12 1.22669e-11 6.07014e-09 1.17119e-18 5.96657e-13 8.25403e-16 5.24665e-11 1.16127e-11 2.79236e-11 1.42727e-10 1.77508e-18 
0.0848437 1307.91 1289.21 1.60906 0.86 2620 1.77374 1.15014 1264.91 986.375 683 0.55 0.9 352719 0.6 -433366 353480 0.770227 0.00056911 2.81021e-07 4.79956e-05 5.00654e-09 0.219861 3.31113e-06 4.6991e-10 1.58336e-09 0.00928733 2.22254e-06 1.02178e-07 1.28551e-06 1.67462e-09 4.44485e-07 6.21986e-13 3.27275e-15 5.93105e-18 2.54318e-12 1.54608e-11 5.85551e-09 6.7359e-19 1.9594e-13 3.96909e-16 2.51427e-11 5.94485e-12 1.36512e-11 1.94966e-10 9.4171e-19 
0.0872375 1274.92 1255.82 1.56847 0.86 2620 1.81318 1.15014 1259.28 986.375 683 0.55 0.9 346737 0.6 189726 435489 0.770227 0.000569039 1.40567e-07 4.71243e-05 1.82092e-09 0.219864 1.43142e-06 1.55937e-10 8.93605e-10 0.00928722 2.25296e-06 1.01743e-07 1.34656e-06 1.12497e-09 3.17684e-07 4.33348e-13 1.49194e-15 2.99779e-18 4.00698e-12 2.03143e-11 5.76564e-09 4.23876e-19 5.85488e-14 2.43046e-16 1.09124e-11 2.81809e-12 6.53372e-12 2.78711e-10 4.90097e-19 
0.092025 1206.96 1186.37 1.48486 0.86 2620 1.86586 1.15014 1246.8 986.375 683 0.55 0.9 334196 0.6 4.24484e+06 -2.08105e+06 0.770227 0.000569013 3.79059e-08 4.66458e-05 3.76945e-10 0.219866 2.79015e-07 2.54498e-11 3.40391e-10 0.00928709 2.28014e-06 1.21022e-07 1.48066e-06 5.96671e-10 1.89508e-07 2.94999e-13 3.69811e-16 2.12046e-18 8.98516e-12 3.56803e-11 5.8209e-09 4.70991e-19 5.35793e-15 1.51916e-16 2.1167e-12 6.73166e-13 2.27704e-12 5.89288e-10 2.92763e-19 
0.1016 1206.96 1128.09 1.48486 0.86 2620 1.89141 1.15014 1235.48 986.375 683 0.55 0.9 334196 0.6 7.40716e+07 703247 0.770227 0.000569013 3.79059e-08 4.66458e-05 3.76945e-10 0.219866 2.79015e-07 2.54498e-11 3.40391e-10 0.00928709 2.28014e-06 1.21022e-07 1.48066e-06 5.96671e-10 1.89508e-07 2.94999e-13 3.69811e-16 2.12046e-18 8.98516e-12 3.56803e-11 5.8209e-09 4.70991e-19 5.35793e-15 1.51916e-16 2.1167e-12 6.73166e-13 2.27704e-12 5.89288e-10 2.92763e-19 
