#x Tg Ts u porosity solidDensity effectiveSolidHeatConductivity tortuosity_factor solidHeatCapacity specificArea extinctionCoefficient scatteringAlbedo emissivity hv insulationTransmissivity divq divSolidHeatConduction N2 H O2 OH O H2 H2O HO2 K KOH 
0 300 300 23.5418 0.1 4320 0.378816 1 574.643 16000 3000 1 0 1.03507e+08 0 0 -5.99393e+06 0.74522 8.30588e-20 0.226269 3.29423e-24 1.92005e-20 0.0285116 7.38296e-26 1.00689e-21 -1.04219e-22 2.35357e-25 
0.00304688 300 300 20.9843 0.112188 4320 0.378816 1 574.643 13389.9 2510.61 1 0 7.425e+07 0 0 0.00620247 0.74522 1.08101e-22 0.226269 2.26359e-23 1.902e-20 0.0285116 1.82777e-22 2.722e-18 -1.04219e-22 2.35357e-25 
0.00609375 300 300 18.9281 0.124375 4320 0.378816 1 574.643 11512 2158.5 1 0 5.58932e+07 0 0 -8.99434e-06 0.74522 1.55908e-25 0.226269 2.46725e-23 1.8822e-20 0.0285116 4.0354e-22 2.72635e-18 -1.04219e-22 2.35357e-25 
0.0121875 300 300 15.8264 0.14875 4320 0.378816 1 574.643 8990.22 1685.67 1 0 3.49839e+07 0 0 -9.39309e-05 0.74522 2.8612e-26 0.226269 2.43198e-23 1.83601e-20 0.0285116 9.24046e-22 2.72827e-18 -1.04219e-22 2.35357e-25 
0.0182812 300 300 13.5981 0.173125 4320 0.378816 1 574.643 7374.74 1382.76 1 0 2.39589e+07 0 0 -0.000477587 0.74522 2.77447e-26 0.226269 2.36398e-23 1.78377e-20 0.0285116 1.51291e-21 2.73042e-18 -1.04219e-22 2.35357e-25 
0.024375 300 300 11.9199 0.1975 4320 0.378816 1 574.643 6251.41 1172.14 1 0 1.74366e+07 0 0 -0.00163272 0.74522 2.68481e-26 0.226269 2.28761e-23 1.72611e-20 0.0285116 2.16297e-21 2.7328e-18 -1.04219e-22 2.35357e-25 
0.0304687 300 300 10.6104 0.221875 4320 0.378816 1 574.643 5425.05 1017.2 1 0 1.32589e+07 0 0 -0.0033721 0.74522 2.58774e-26 0.226269 2.20488e-23 1.66367e-20 0.0285116 2.86686e-21 2.73538e-18 -1.04219e-22 2.35357e-25 
0.0365625 300 300 9.56011 0.24625 4320 0.378816 1 574.643 4791.66 898.436 1 0 1.04222e+07 0 0 -0.00232383 0.74522 2.48446e-26 0.226269 2.11678e-23 1.59715e-20 0.0285116 3.61688e-21 2.73813e-18 -1.04219e-22 2.35357e-25 
0.0396094 300 300 9.10927 0.258437 4320 0.378816 1 574.643 4527.37 848.881 1 0 9.33403e+06 0 0 -0.00232476 0.74522 2.43146e-26 0.226269 2.07154e-23 1.56298e-20 0.0285116 4.00204e-21 2.73954e-18 -1.04219e-22 2.35357e-25 
0.0411328 300 300 8.89943 0.264531 4320 0.378816 1 574.643 4405.86 826.098 1 0 8.85284e+06 0 0 -0.00249259 0.74522 2.40465e-26 0.226269 2.04865e-23 1.54569e-20 0.0285116 4.19699e-21 2.74025e-18 -1.04219e-22 2.35357e-25 
0.0418945 300 300 8.7981 0.267578 4320 0.378816 1 574.643 4347.52 815.16 1 0 8.6261e+06 0 0 -0.00354401 0.74522 2.39117e-26 0.226269 2.03714e-23 1.53699e-20 0.0285116 4.29504e-21 2.74061e-18 -1.04219e-22 2.35357e-25 
0.0426562 300 300 8.69904 0.270625 4320 0.378816 1 574.643 4290.7 804.507 1 0 8.40796e+06 0 0 -0.00382673 0.74522 2.37761e-26 0.226269 2.02556e-23 1.52825e-20 0.0285116 4.39363e-21 2.74097e-18 -1.04219e-22 2.35357e-25 
0.043418 300 300 8.60219 0.273672 4320 0.378816 1 574.643 4235.35 794.129 1 0 8.19801e+06 0 0 -0.00467779 0.74522 2.36398e-26 0.226269 2.01393e-23 1.51945e-20 0.0285116 4.49277e-21 2.74133e-18 -1.04219e-22 2.35357e-25 
0.0441797 300 300 8.50748 0.276719 4320 0.378816 1 574.643 4181.41 784.015 1 0 7.99583e+06 0 0 -0.00869241 0.74522 2.35028e-26 0.226269 2.00223e-23 1.51061e-20 0.0285116 4.59243e-21 2.7417e-18 -1.04219e-22 2.35357e-25 
0.0445605 300 300 8.4609 0.278242 4320 0.378816 1 574.643 4154.96 779.054 1 0 7.89753e+06 0 0 -0.0229969 0.74522 2.34342e-26 0.226269 1.99636e-23 1.50618e-20 0.0285116 4.64238e-21 2.74188e-18 -1.04219e-22 2.35357e-25 
0.0449414 300 300 8.41482 0.279766 4320 0.378816 1 574.643 4128.83 774.156 1 0 7.80104e+06 0 0 -0.0573562 0.74522 2.33653e-26 0.226269 1.99048e-23 1.50174e-20 0.0285116 4.69246e-21 2.74206e-18 -1.04219e-22 2.35357e-25 
0.0451318 300 300 8.39197 0.280527 4320 0.378816 1 574.643 4115.89 771.73 1 0 7.75346e+06 0 0 -0.108017 0.74522 2.33309e-26 0.226269 1.98754e-23 1.49952e-20 0.0285116 4.71754e-21 2.74216e-18 -1.04219e-22 2.35357e-25 
0.0452271 300 300 8.3806 0.280908 4320 0.378816 1 574.643 4109.45 770.522 1 0 7.72983e+06 0 0 -0.150687 0.74522 2.33136e-26 0.226269 1.98607e-23 1.4984e-20 0.0285116 4.73008e-21 2.7422e-18 -1.04219e-22 2.35357e-25 
0.0453223 300 300 8.36925 0.281289 4320 0.378816 1 574.643 4103.03 769.319 1 0 7.70631e+06 0 0 -0.205457 0.74522 2.32964e-26 0.226269 1.98459e-23 1.49729e-20 0.0285116 4.74263e-21 2.74225e-18 -1.04219e-22 2.35357e-25 
0.0454175 300 300 8.35793 0.28167 4320 0.378816 1 574.643 4096.63 768.119 1 0 7.6829e+06 0 0 -0.277634 0.74522 2.32791e-26 0.226269 1.98312e-23 1.49618e-20 0.0285116 4.75519e-21 2.74229e-18 -1.04219e-22 2.35357e-25 
0.0455127 300 300 8.34665 0.282051 4320 0.378816 1 574.643 4090.25 766.923 1 0 7.65959e+06 0 0 -0.373998 0.74522 2.32619e-26 0.226269 1.98165e-23 1.49506e-20 0.0285116 4.76776e-21 2.74234e-18 -1.04219e-22 2.35357e-25 
0.0455603 300 300 8.34101 0.282241 4320 0.378816 1 574.643 4087.07 766.326 1 0 7.64798e+06 0 0 -0.438983 0.74522 2.32532e-26 0.226269 1.98091e-23 1.4945e-20 0.0285116 4.77404e-21 2.74236e-18 -1.04219e-22 2.35357e-25 
0.0456079 300 300 8.33539 0.282432 4320 0.378816 1 574.643 4083.89 765.73 1 0 7.63639e+06 0 0 -0.513789 0.74522 2.32446e-26 0.226269 1.98017e-23 1.49394e-20 0.0285116 4.78033e-21 2.74239e-18 -1.04219e-22 2.35357e-25 
0.0456317 300 300 8.33258 0.282527 4320 0.378816 1 574.643 4082.31 765.433 1 0 7.63061e+06 0 0 -0.556923 0.74522 2.32402e-26 0.226269 1.9798e-23 1.49367e-20 0.0285116 4.78347e-21 2.7424e-18 -1.04219e-22 2.35357e-25 
0.0456436 300 300 8.33118 0.282574 4320 0.378816 1 574.643 4081.51 765.284 1 0 7.62772e+06 0 0 -0.580079 0.74522 2.3238e-26 0.226269 1.97961e-23 1.49352e-20 0.0285116 4.78504e-21 2.7424e-18 -1.04219e-22 2.35357e-25 
0.0456555 300 300 8.32977 0.282622 4320 0.378816 1 574.643 4080.72 765.135 1 0 7.62483e+06 0 0 -0.603945 0.74522 2.32358e-26 0.226269 1.97943e-23 1.49338e-20 0.0285116 4.78661e-21 2.74241e-18 -1.04219e-22 2.35357e-25 
0.0456674 300 300 8.32837 0.28267 4320 0.378816 1 574.643 4079.93 764.987 1 0 7.62194e+06 0 0 -0.62852 0.74522 2.32336e-26 0.226269 1.97924e-23 1.49324e-20 0.0285116 4.78818e-21 2.74241e-18 -1.04219e-22 2.35357e-25 
0.0456734 300 300 8.32767 0.282693 4320 0.378816 1 574.643 4079.53 764.913 1 0 7.6205e+06 0 0 -0.6421 0.74522 2.32324e-26 0.226269 1.97915e-23 1.49317e-20 0.0285116 4.78896e-21 2.74241e-18 -1.04219e-22 2.35357e-25 
0.0456793 300 300 8.32697 0.282717 4320 0.378816 1 574.643 4079.14 764.838 1 0 7.61906e+06 0 0 -0.654869 0.74522 2.32312e-26 0.226269 1.97905e-23 1.4931e-20 0.0285116 4.78975e-21 2.74241e-18 -1.04219e-22 2.35357e-25 
0.0456853 300 300 8.32627 0.282741 4320 0.378816 1 574.643 4078.74 764.764 1 0 7.61762e+06 0 0 -0.66703 0.74522 2.32301e-26 0.226269 1.97896e-23 1.49303e-20 0.0285116 4.79053e-21 2.74241e-18 -1.04219e-22 2.35357e-25 
0.0456912 300 300 8.32557 0.282765 4320 0.378816 1 574.643 4078.35 764.69 1 0 7.61618e+06 0 0 -0.681623 0.74522 2.32288e-26 0.226269 1.97886e-23 1.49296e-20 0.0285116 4.79131e-21 2.74241e-18 -1.04219e-22 2.35357e-25 
0.0456972 300 300 8.32487 0.282789 4320 0.378816 1 574.643 4077.95 764.616 1 0 7.61474e+06 0 0 -0.696419 0.74522 2.32272e-26 0.226269 1.97876e-23 1.49288e-20 0.0285116 4.79209e-21 2.74241e-18 -1.04219e-22 2.35357e-25 
0.0457001 300 300 8.32452 0.282801 4320 0.378816 1 574.643 4077.75 764.579 1 0 7.61402e+06 0 0 -0.698041 0.74522 2.32262e-26 0.226269 1.97871e-23 1.49284e-20 0.0285116 4.79247e-21 2.74241e-18 -1.04219e-22 2.35357e-25 
0.0457031 300 300 8.32417 0.282813 4320 0.378816 1 574.643 4077.55 764.542 1 0 7.6133e+06 0 0 -0.710202 0.74522 2.3225e-26 0.226269 1.97866e-23 1.4928e-20 0.0285116 4.79285e-21 2.7424e-18 -1.04219e-22 2.35357e-25 
0.0457046 300 300 8.32399 0.282818 4320 0.378816 1 574.643 4077.46 764.523 1 0 7.61294e+06 0 0 -0.719931 0.74522 2.32244e-26 0.226269 1.97863e-23 1.49278e-20 0.0285116 4.79304e-21 2.7424e-18 -1.04219e-22 2.35357e-25 
0.0457061 300 300 8.32382 0.282824 4320 0.378816 1 574.643 4077.36 764.504 1 0 7.61258e+06 0 0 -0.719931 0.74522 2.32239e-26 0.226269 1.9786e-23 1.49276e-20 0.0285116 4.79323e-21 2.74239e-18 -1.04219e-22 2.35357e-25 
0.0457076 300 300 8.32364 0.28283 4320 0.378816 1 574.643 4077.26 764.486 1 0 7.61222e+06 0 0 -0.729659 0.74522 2.32237e-26 0.226269 1.97858e-23 1.49274e-20 0.0285116 4.79342e-21 2.74239e-18 -1.04219e-22 2.35357e-25 
0.0457091 300 300 8.32347 0.282836 4320 0.378816 1 574.643 4077.16 764.467 1 0 7.61186e+06 0 0 -0.726416 0.74522 2.32236e-26 0.226269 1.97855e-23 1.49272e-20 0.0285116 4.79361e-21 2.74239e-18 -1.04219e-22 2.35357e-25 
0.0457121 300 300 8.32312 0.282848 4320 0.378816 1 574.643 4076.96 764.43 1 0 7.61114e+06 0 0 -0.729659 0.74522 2.32234e-26 0.226269 1.9785e-23 1.49268e-20 0.0285116 4.794e-21 2.74239e-18 -1.04219e-22 2.35357e-25 
0.045715 300 300 8.32276 0.28286 4320 0.378816 1 574.643 4076.76 764.393 1 0 7.61042e+06 0 0 -0.74182 0.74522 2.32231e-26 0.226269 1.97845e-23 1.49265e-20 0.0285116 4.79439e-21 2.74239e-18 -1.0422e-22 2.35357e-25 
0.045718 300 300 8.32241 0.282872 4320 0.378816 1 574.643 4076.57 764.356 1 0 7.6097e+06 0 0 -0.744252 0.74522 2.32228e-26 0.226269 1.97841e-23 1.49261e-20 0.0285116 4.79478e-21 2.74238e-18 -1.0422e-22 2.35357e-25 
0.045721 300 300 8.32206 0.282884 4320 0.378816 1 574.643 4076.37 764.319 1 0 7.60898e+06 0 0 -0.753171 0.74522 2.32225e-26 0.226269 1.97836e-23 1.49257e-20 0.0285116 4.79517e-21 2.74238e-18 -1.0422e-22 2.35357e-25 
0.0457269 300 300 8.32136 0.282908 4320 0.378816 1 574.643 4075.97 764.245 1 0 7.60754e+06 0 0 -0.769791 0.74522 2.32218e-26 0.226269 1.97826e-23 1.4925e-20 0.0285116 4.79596e-21 2.74239e-18 -1.0422e-22 2.35357e-25 
0.0457329 300 300 8.32066 0.282932 4320 0.378816 1 574.643 4075.58 764.171 1 0 7.6061e+06 0 0 -0.784384 0.74522 2.32208e-26 0.226269 1.97817e-23 1.49243e-20 0.0285116 4.79674e-21 2.74239e-18 -1.0422e-22 2.35357e-25 
0.0457388 300 300 8.31996 0.282955 4320 0.378816 1 574.643 4075.18 764.097 1 0 7.60466e+06 0 0 -0.798977 0.74522 2.32199e-26 0.226269 1.97808e-23 1.49236e-20 0.0285116 4.79753e-21 2.74239e-18 -1.0422e-22 2.35357e-25 
0.0457507 300 300 8.31856 0.283003 4320 0.378816 1 574.643 4074.39 763.949 1 0 7.60179e+06 0 0 -0.831812 0.74522 2.32178e-26 0.226269 1.97789e-23 1.49222e-20 0.0285116 4.7991e-21 2.74239e-18 -1.0422e-22 2.35357e-25 
0.0457626 300 300 8.31717 0.283051 4320 0.378816 1 574.643 4073.6 763.8 1 0 7.59891e+06 0 0 -0.864798 0.74522 2.32157e-26 0.226269 1.97771e-23 1.49208e-20 0.0285116 4.80067e-21 2.7424e-18 -1.0422e-22 2.35357e-25 
0.0457745 300 300 8.31577 0.283098 4320 0.378816 1 574.643 4072.81 763.652 1 0 7.59604e+06 0 0 -0.899102 0.74522 2.32135e-26 0.226269 1.97752e-23 1.49194e-20 0.0285116 4.80225e-21 2.74241e-18 -1.0422e-22 2.35357e-25 
0.0457983 300 300 8.31297 0.283193 4320 0.378816 1 574.643 4071.23 763.356 1 0 7.59031e+06 0 0 -0.970548 0.74522 2.32092e-26 0.226269 1.97715e-23 1.49166e-20 0.0285116 4.80539e-21 2.74242e-18 -1.0422e-22 2.35357e-25 
0.0458459 300 300 8.30738 0.283384 4320 0.378816 1 574.643 4068.08 762.765 1 0 7.57885e+06 0 0 -1.12599 0.74522 2.32006e-26 0.226269 1.97641e-23 1.4911e-20 0.0285116 4.81169e-21 2.74244e-18 -1.0422e-22 2.35357e-25 
0.0458936 300 300 8.30181 0.283574 4320 0.378816 1 574.643 4064.93 762.175 1 0 7.56742e+06 0 0 -1.30691 0.74522 2.31919e-26 0.226269 1.97567e-23 1.49055e-20 0.0285116 4.81799e-21 2.74246e-18 -1.0422e-22 2.35357e-25 
0.0459888 300 300 8.29067 0.283955 4320 0.378816 1 574.643 4058.65 760.997 1 0 7.54464e+06 0 0 -1.73291 0.74522 2.31746e-26 0.226269 1.97419e-23 1.48943e-20 0.0285116 4.83059e-21 2.74251e-18 -1.0422e-22 2.35357e-25 
0.046084 300 300 8.27957 0.284336 4320 0.378816 1 574.643 4052.39 759.823 1 0 7.52196e+06 0 0 -2.31449 0.74522 2.31573e-26 0.226269 1.97271e-23 1.48831e-20 0.0285116 4.8432e-21 2.74255e-18 -1.0422e-22 2.35357e-25 
0.0461792 300 300 8.26849 0.284717 4320 0.378816 1 574.643 4046.15 758.653 1 0 7.49938e+06 0 0 -3.10071 0.74522 2.31399e-26 0.226269 1.97123e-23 1.48719e-20 0.0285116 4.85582e-21 2.7426e-18 -1.0422e-22 2.35357e-25 
0.0462744 300 300 8.25744 0.285098 4320 0.378816 1 574.643 4039.93 757.486 1 0 7.4769e+06 0 0 -4.15387 0.74522 2.31226e-26 0.226269 1.96975e-23 1.48607e-20 0.0285116 4.86845e-21 2.74265e-18 -1.0422e-22 2.35357e-25 
0.0464648 300 300 8.23544 0.285859 4320 0.378816 1 574.643 4027.54 755.163 1 0 7.43225e+06 0 0 -6.97425 0.74522 2.30879e-26 0.226269 1.96678e-23 1.48383e-20 0.0285116 4.89373e-21 2.74274e-18 -1.0422e-22 2.35357e-25 
0.0468457 300 300 8.19178 0.287383 4320 0.378816 1 574.643 4002.98 750.559 1 0 7.34414e+06 0 0 -16.9455 0.74522 2.30183e-26 0.226269 1.96083e-23 1.47933e-20 0.0285116 4.94441e-21 2.74292e-18 -1.0422e-22 2.35357e-25 
0.0472266 300 300 8.14859 0.288906 4320 0.378816 1 574.643 3978.73 746.012 1 0 7.2576e+06 0 0 -45.0658 0.74522 2.29485e-26 0.226269 1.95487e-23 1.47483e-20 0.0285116 4.9952e-21 2.74311e-18 -1.0422e-22 2.35357e-25 
0.0476074 300 300 8.10585 0.29043 4320 0.378816 1 574.643 3954.77 741.519 1 0 7.17257e+06 0 0 -120.367 0.74522 2.28786e-26 0.226269 1.9489e-23 1.47031e-20 0.0285116 5.04611e-21 2.7433e-18 -1.0422e-22 2.35357e-25 
0.0479883 300 300 8.06355 0.291953 4320 0.378816 1 574.643 3931.09 737.08 1 0 7.08903e+06 0 0 -322.007 0.74522 2.28086e-26 0.226269 1.94291e-23 1.46578e-20 0.0285116 5.09713e-21 2.74348e-18 -1.0422e-22 2.35357e-25 
0.0481787 300 300 8.04257 0.292715 4320 0.378816 1 574.643 3919.36 734.88 1 0 7.04781e+06 0 0 -607.212 0.74522 2.27736e-26 0.226269 1.93992e-23 1.46352e-20 0.0285116 5.12266e-21 2.74358e-18 -1.0422e-22 2.35357e-25 
0.0482739 300 300 8.03212 0.293096 4320 0.378816 1 574.643 3913.52 733.785 1 0 7.02733e+06 0 0 -842.883 0.74522 2.27561e-26 0.226269 1.93842e-23 1.46239e-20 0.0285116 5.13544e-21 2.74362e-18 -1.0422e-22 2.35357e-25 
0.0483691 300 300 8.0217 0.293477 4320 0.378816 1 574.644 3907.7 732.693 1 0 7.00694e+06 0 0 -1144.67 0.74522 2.27386e-26 0.226269 1.93692e-23 1.46125e-20 0.0285116 5.14822e-21 2.74367e-18 -1.0422e-22 2.35357e-25 
0.0484644 300 300 8.0113 0.293857 4320 0.378816 1 574.644 3901.89 731.605 1 0 6.98665e+06 0 0 -1539.75 0.74522 2.27211e-26 0.226269 1.93542e-23 1.46012e-20 0.0285116 5.16101e-21 2.74372e-18 -1.0422e-22 2.35357e-25 
0.0485596 300 300.001 8.00093 0.294238 4320 0.378815 1 574.644 3896.11 730.52 1 0 6.96644e+06 0 0 -2064.49 0.74522 2.27036e-26 0.226269 1.93392e-23 1.45898e-20 0.0285116 5.1738e-21 2.74376e-18 -1.0422e-22 2.35357e-25 
0.0486072 300 300.001 7.99576 0.294429 4320 0.378815 1 574.644 3893.22 729.978 1 0 6.95636e+06 0 0 -2411.15 0.74522 2.26948e-26 0.226269 1.93317e-23 1.45842e-20 0.0285116 5.1802e-21 2.74379e-18 -1.0422e-22 2.35357e-25 
0.0486548 300 300.001 7.99059 0.294619 4320 0.378815 1 574.644 3890.33 729.438 1 0 6.94631e+06 0 0 -2810.56 0.74522 2.26861e-26 0.226269 1.93242e-23 1.45785e-20 0.0285116 5.1866e-21 2.74381e-18 -1.0422e-22 2.35357e-25 
0.0486786 300 300.001 7.98801 0.294714 4320 0.378815 1 574.644 3888.89 729.168 1 0 6.9413e+06 0 0 -3039.59 0.74522 2.26817e-26 0.226269 1.93205e-23 1.45756e-20 0.0285116 5.1898e-21 2.74382e-18 -1.0422e-22 2.35357e-25 
0.0486905 300 300.001 7.98672 0.294762 4320 0.378815 1 574.644 3888.17 729.033 1 0 6.93879e+06 0 0 -3161.7 0.74522 2.26795e-26 0.226269 1.93186e-23 1.45742e-20 0.0285116 5.1914e-21 2.74383e-18 -1.0422e-22 2.35357e-25 
0.0487024 300 300.001 7.98543 0.29481 4320 0.378815 1 574.644 3887.46 728.898 1 0 6.93629e+06 0 0 -3288.19 0.74522 2.26773e-26 0.226269 1.93167e-23 1.45728e-20 0.0285116 5.193e-21 2.74383e-18 -1.0422e-22 2.35357e-25 
0.0487143 300 300.001 7.98414 0.294857 4320 0.378815 1 574.644 3886.74 728.763 1 0 6.93378e+06 0 0 -3419.44 0.74522 2.2675e-26 0.226269 1.93148e-23 1.45713e-20 0.0285116 5.19459e-21 2.74384e-18 -1.0422e-22 2.35357e-25 
0.0487202 300 300.001 7.9835 0.294881 4320 0.378815 1 574.644 3886.38 728.696 1 0 6.93253e+06 0 0 -3487.15 0.74522 2.26737e-26 0.226269 1.93138e-23 1.45706e-20 0.0285116 5.19539e-21 2.74384e-18 -1.0422e-22 2.35357e-25 
0.0487262 300 300.001 7.98285 0.294905 4320 0.378815 1 574.644 3886.02 728.628 1 0 6.93128e+06 0 0 -3556.1 0.74522 2.26725e-26 0.226269 1.93128e-23 1.45699e-20 0.0285116 5.19618e-21 2.74384e-18 -1.0422e-22 2.35357e-25 
0.0487321 300 300.001 7.98221 0.294929 4320 0.378815 1 574.644 3885.66 728.561 1 0 6.93003e+06 0 0 -3626.36 0.74522 2.2671e-26 0.226269 1.93118e-23 1.45691e-20 0.0285116 5.19697e-21 2.74383e-18 -1.0422e-22 2.35357e-25 
0.0487351 300 300.001 7.98189 0.29494 4320 0.378815 1 574.644 3885.48 728.527 1 0 6.9294e+06 0 0 -3662.02 0.74522 2.26701e-26 0.226269 1.93113e-23 1.45687e-20 0.0285116 5.19737e-21 2.74383e-18 -1.0422e-22 2.35357e-25 
0.0487381 300.001 300.001 7.98157 0.294952 4320 0.378815 1 574.644 3885.3 728.494 1 0 6.92878e+06 0 0 -3697.99 0.74522 2.26692e-26 0.226269 1.93108e-23 1.45683e-20 0.0285116 5.19776e-21 2.74383e-18 -1.0422e-22 2.35357e-25 
0.0487411 300.001 300.001 7.98124 0.294964 4320 0.378815 1 574.644 3885.12 728.46 1 0 6.92815e+06 0 0 -3734.29 0.74522 2.26682e-26 0.226269 1.93103e-23 1.45679e-20 0.0285116 5.19815e-21 2.74382e-18 -1.0422e-22 2.35357e-25 
0.048744 300.001 300.001 7.98092 0.294976 4320 0.378815 1 574.644 3884.94 728.426 1 0 6.92753e+06 0 0 -3770.94 0.74522 2.26669e-26 0.226269 1.93097e-23 1.45675e-20 0.0285116 5.19853e-21 2.74382e-18 -1.0422e-22 2.35358e-25 
0.0487455 300.001 300.001 7.98076 0.294982 4320 0.378815 1 574.644 3884.85 728.409 1 0 6.92722e+06 0 0 -3789.38 0.74522 2.26663e-26 0.226269 1.93094e-23 1.45672e-20 0.0285116 5.19872e-21 2.74381e-18 -1.0422e-22 2.35358e-25 
0.048747 300.001 300.001 7.9806 0.294988 4320 0.378815 1 574.644 3884.76 728.393 1 0 6.9269e+06 0 0 -3807.92 0.74522 2.26657e-26 0.226269 1.93091e-23 1.4567e-20 0.0285116 5.19891e-21 2.74381e-18 -1.0422e-22 2.35358e-25 
0.0487485 300.001 300.001 7.98044 0.294994 4320 0.378815 1 574.644 3884.67 728.376 1 0 6.92659e+06 0 0 -3826.53 0.74522 2.26652e-26 0.226269 1.93088e-23 1.45668e-20 0.0285116 5.1991e-21 2.7438e-18 -1.0422e-22 2.35358e-25 
0.04875 300.001 300.001 7.98028 0.295 4320 0.378815 1 574.644 3884.58 728.359 1 0 6.92628e+06 0 0 -3845.23 0.74522 2.26648e-26 0.226269 1.93086e-23 1.45666e-20 0.0285116 5.19929e-21 2.7438e-18 -1.0422e-22 2.35358e-25 
0.0487515 300.001 300.001 7.98012 0.295006 4320 0.378815 1 574.644 3884.49 728.342 1 0 6.92597e+06 0 0 -3863.98 0.74522 2.26645e-26 0.226269 1.93083e-23 1.45664e-20 0.0285116 5.19948e-21 2.74379e-18 -1.0422e-22 2.35358e-25 
0.048753 300.001 300.001 7.97996 0.295012 4320 0.378815 1 574.644 3884.4 728.325 1 0 6.92566e+06 0 0 -3882.85 0.74522 2.26642e-26 0.226269 1.9308e-23 1.45662e-20 0.0285116 5.19967e-21 2.74379e-18 -1.0422e-22 2.35358e-25 
0.0487545 300.001 300.001 7.9798 0.295018 4320 0.378815 1 574.644 3884.31 728.308 1 0 6.92534e+06 0 0 -3901.75 0.74522 2.26641e-26 0.226269 1.93078e-23 1.4566e-20 0.0285116 5.19987e-21 2.74378e-18 -1.0422e-22 2.35358e-25 
0.048756 300.001 300.001 7.97964 0.295024 4320 0.378815 1 574.644 3884.22 728.292 1 0 6.92503e+06 0 0 -3920.76 0.74522 2.26641e-26 0.226269 1.93075e-23 1.45658e-20 0.0285116 5.20007e-21 2.74378e-18 -1.0422e-22 2.35358e-25 
0.0487589 300.001 300.001 7.97931 0.295036 4320 0.378815 1 574.644 3884.04 728.258 1 0 6.92441e+06 0 0 -3958.99 0.74522 2.26641e-26 0.226269 1.9307e-23 1.45654e-20 0.0285116 5.20046e-21 2.74378e-18 -1.0422e-22 2.35358e-25 
0.0487619 300.001 300.001 7.97899 0.295048 4320 0.378815 1 574.644 3883.86 728.224 1 0 6.92378e+06 0 0 -3997.55 0.74522 2.2664e-26 0.226269 1.93065e-23 1.4565e-20 0.0285116 5.20086e-21 2.74378e-18 -1.0422e-22 2.35358e-25 
0.0487649 300.001 300.001 7.97867 0.29506 4320 0.378815 1 574.644 3883.68 728.191 1 0 6.92316e+06 0 0 -4036.43 0.74522 2.26637e-26 0.226269 1.9306e-23 1.45647e-20 0.0285116 5.20125e-21 2.74378e-18 -1.0422e-22 2.35358e-25 
0.0487679 300.001 300.001 7.97835 0.295071 4320 0.378815 1 574.645 3883.5 728.157 1 0 6.92253e+06 0 0 -4075.62 0.74522 2.26635e-26 0.226269 1.93055e-23 1.45643e-20 0.0285116 5.20165e-21 2.74378e-18 -1.0422e-22 2.35358e-25 
0.0487738 300.001 300.001 7.9777 0.295095 4320 0.378815 1 574.645 3883.15 728.09 1 0 6.92129e+06 0 0 -4154.91 0.74522 2.26627e-26 0.226269 1.93046e-23 1.45636e-20 0.0285116 5.20245e-21 2.74378e-18 -1.0422e-22 2.35358e-25 
0.0487798 300.001 300.001 7.97706 0.295119 4320 0.378815 1 574.645 3882.79 728.022 1 0 6.92004e+06 0 0 -4235.58 0.74522 2.26618e-26 0.226269 1.93036e-23 1.45628e-20 0.0285116 5.20325e-21 2.74378e-18 -1.0422e-22 2.35358e-25 
0.0487857 300.001 300.001 7.97642 0.295143 4320 0.378815 1 574.645 3882.43 727.955 1 0 6.91879e+06 0 0 -4317.58 0.74522 2.26608e-26 0.226269 1.93027e-23 1.45621e-20 0.0285116 5.20405e-21 2.74378e-18 -1.0422e-22 2.35358e-25 
0.0487976 300.001 300.001 7.97513 0.29519 4320 0.378815 1 574.645 3881.71 727.821 1 0 6.9163e+06 0 0 -4485.25 0.74522 2.26588e-26 0.226269 1.93008e-23 1.45607e-20 0.0285116 5.20565e-21 2.74379e-18 -1.0422e-22 2.35358e-25 
0.0488095 300.001 300.001 7.97385 0.295238 4320 0.378815 1 574.645 3880.99 727.686 1 0 6.9138e+06 0 0 -4658.96 0.74522 2.26566e-26 0.226269 1.92989e-23 1.45593e-20 0.0285116 5.20725e-21 2.7438e-18 -1.0422e-22 2.35358e-25 
0.0488214 300.001 300.001 7.97256 0.295286 4320 0.378815 1 574.645 3880.28 727.552 1 0 6.91131e+06 0 0 -4838.55 0.74522 2.26544e-26 0.226269 1.9297e-23 1.45579e-20 0.0285116 5.20885e-21 2.7438e-18 -1.0422e-22 2.35358e-25 
0.0488452 300.001 300.001 7.96999 0.295381 4320 0.378815 1 574.645 3878.84 727.283 1 0 6.90633e+06 0 0 -5212.3 0.74522 2.26501e-26 0.226269 1.92933e-23 1.4555e-20 0.0285116 5.21205e-21 2.74381e-18 -1.0422e-22 2.35358e-25 
0.0488928 300.001 300.002 7.96486 0.295571 4320 0.378815 1 574.645 3875.98 726.747 1 0 6.89639e+06 0 0 -6024.53 0.74522 2.26414e-26 0.226269 1.92858e-23 1.45493e-20 0.0285116 5.21846e-21 2.74384e-18 -1.0422e-22 2.35358e-25 
0.0489404 300.001 300.002 7.95974 0.295762 4320 0.378815 1 574.645 3873.12 726.211 1 0 6.88647e+06 0 0 -6964.79 0.74522 2.26328e-26 0.226269 1.92783e-23 1.45436e-20 0.0285116 5.22487e-21 2.74386e-18 -1.0422e-22 2.35358e-25 
0.0490356 300.001 300.003 7.94951 0.296143 4320 0.378814 1 574.646 3867.42 725.142 1 0 6.8667e+06 0 0 -9174.24 0.74522 2.26155e-26 0.226269 1.92633e-23 1.45323e-20 0.0285116 5.2377e-21 2.74391e-18 -1.0422e-22 2.35358e-25 
0.0491309 300.002 300.003 7.93931 0.296523 4320 0.378814 1 574.647 3861.74 724.075 1 0 6.84701e+06 0 0 -12159 0.74522 2.25983e-26 0.226269 1.92484e-23 1.45209e-20 0.0285116 5.25053e-21 2.74395e-18 -1.0422e-22 2.35358e-25 
0.0492261 300.002 300.005 7.92914 0.296904 4320 0.378813 1 574.649 3856.07 723.012 1 0 6.82741e+06 0 0 -16158 0.74522 2.25813e-26 0.226269 1.92334e-23 1.45095e-20 0.0285116 5.26337e-21 2.744e-18 -1.0422e-22 2.35358e-25 
0.0493213 300.003 300.006 7.919 0.297285 4320 0.378813 1 574.651 3850.41 721.953 1 0 6.80789e+06 0 0 -21495.6 0.74522 2.25645e-26 0.226269 1.92186e-23 1.44981e-20 0.0285116 5.27622e-21 2.74405e-18 -1.0422e-22 2.35358e-25 
0.0494165 300.004 300.008 7.9089 0.297666 4320 0.378812 1 574.653 3844.78 720.896 1 0 6.78846e+06 0 0 -28608.4 0.74522 2.2548e-26 0.226269 1.92038e-23 1.44867e-20 0.0285116 5.28907e-21 2.74409e-18 -1.0422e-22 2.35358e-25 
0.0495117 300.005 300.011 7.89882 0.298047 4320 0.378811 1 574.656 3839.16 719.842 1 0 6.76912e+06 0 0 -38120.8 0.74522 2.25317e-26 0.226269 1.9189e-23 1.44753e-20 0.0285116 5.30193e-21 2.74414e-18 -1.0422e-22 2.35358e-25 
0.0495593 300.006 300.013 7.8938 0.298237 4320 0.37881 1 574.658 3836.35 719.316 1 0 6.75948e+06 0 0 -44425.7 0.74522 2.25237e-26 0.226269 1.91817e-23 1.44696e-20 0.0285116 5.30836e-21 2.74416e-18 -1.0422e-22 2.35358e-25 
0.0495831 300.006 300.014 7.89129 0.298333 4320 0.37881 1 574.659 3834.95 719.054 1 0 6.75467e+06 0 0 -48018.3 0.74522 2.25198e-26 0.226269 1.9178e-23 1.44667e-20 0.0285116 5.31158e-21 2.74417e-18 -1.0422e-22 2.35358e-25 
0.0496069 300.007 300.015 7.88879 0.298428 4320 0.378809 1 574.661 3833.55 718.792 1 0 6.74987e+06 0 0 -51864.6 0.74522 2.25158e-26 0.226269 1.91743e-23 1.44639e-20 0.0285116 5.3148e-21 2.74419e-18 -1.0422e-22 2.35358e-25 
0.0496307 300.007 300.016 7.88628 0.298523 4320 0.378809 1 574.662 3832.16 718.529 1 0 6.74507e+06 0 0 -55988.5 0.74522 2.25119e-26 0.226269 1.91707e-23 1.4461e-20 0.0285116 5.31801e-21 2.7442e-18 -1.0422e-22 2.35358e-25 
0.0496545 300.008 300.017 7.88378 0.298618 4320 0.378808 1 574.663 3830.76 718.267 1 0 6.74027e+06 0 0 -60424.2 0.74522 2.25081e-26 0.226269 1.9167e-23 1.44581e-20 0.0285116 5.32123e-21 2.74421e-18 -1.0422e-22 2.35358e-25 
0.0496664 300.008 300.018 7.88253 0.298666 4320 0.378808 1 574.664 3830.06 718.136 1 0 6.73788e+06 0 0 -62789.9 0.74522 2.25061e-26 0.226269 1.91652e-23 1.44567e-20 0.0285116 5.32284e-21 2.74421e-18 -1.0422e-22 2.35358e-25 
0.0496783 300.009 300.018 7.88128 0.298713 4320 0.378808 1 574.665 3829.36 718.006 1 0 6.73548e+06 0 0 -65239.3 0.74522 2.25042e-26 0.226269 1.91634e-23 1.44553e-20 0.0285116 5.32444e-21 2.74422e-18 -1.0422e-22 2.35358e-25 
0.0496902 300.009 300.019 7.88004 0.298761 4320 0.378807 1 574.666 3828.67 717.875 1 0 6.73309e+06 0 0 -67774.9 0.74522 2.25023e-26 0.226269 1.91616e-23 1.44538e-20 0.0285116 5.32605e-21 2.74422e-18 -1.0422e-22 2.35358e-25 
0.0497021 300.009 300.02 7.87879 0.298809 4320 0.378807 1 574.667 3827.97 717.744 1 0 6.7307e+06 0 0 -70395.2 0.74522 2.25005e-26 0.226269 1.91598e-23 1.44524e-20 0.0285116 5.32766e-21 2.74423e-18 -1.0422e-22 2.35358e-25 
0.049726 300.01 300.021 7.8763 0.298904 4320 0.378806 1 574.668 3826.57 717.483 1 0 6.72592e+06 0 0 -75860.7 0.74522 2.24968e-26 0.226269 1.91561e-23 1.44495e-20 0.0285116 5.33088e-21 2.74424e-18 -1.0422e-22 2.35358e-25 
0.0497498 300.01 300.023 7.87381 0.298999 4320 0.378805 1 574.67 3825.18 717.221 1 0 6.72115e+06 0 0 -81739.9 0.74522 2.24931e-26 0.226269 1.91525e-23 1.44467e-20 0.0285116 5.3341e-21 2.74425e-18 -1.0422e-22 2.35358e-25 
0.0497736 300.011 300.024 7.87132 0.299094 4320 0.378805 1 574.672 3823.79 716.96 1 0 6.71638e+06 0 0 -88080.5 0.74522 2.24895e-26 0.226269 1.9149e-23 1.44438e-20 0.0285116 5.33732e-21 2.74426e-18 -1.0422e-22 2.35358e-25 
0.0497855 300.012 300.025 7.87008 0.299142 4320 0.378804 1 574.674 3823.09 716.83 1 0 6.714e+06 0 0 -91468.1 0.74522 2.24877e-26 0.226269 1.91472e-23 1.44424e-20 0.0285116 5.33893e-21 2.74427e-18 -1.0422e-22 2.35358e-25 
0.0497974 300.012 300.026 7.86884 0.299189 4320 0.378804 1 574.675 3822.4 716.699 1 0 6.71162e+06 0 0 -94979.7 0.74522 2.24859e-26 0.226269 1.91454e-23 1.4441e-20 0.0285116 5.34053e-21 2.74427e-18 -1.0422e-22 2.35358e-25 
0.0498093 300.013 300.027 7.8676 0.299237 4320 0.378804 1 574.676 3821.7 716.569 1 0 6.70924e+06 0 0 -98620.5 0.74522 2.24841e-26 0.226269 1.91436e-23 1.44395e-20 0.0285116 5.34214e-21 2.74428e-18 -1.0422e-22 2.35358e-25 
0.0498212 300.013 300.028 7.86636 0.299285 4320 0.378803 1 574.677 3821.01 716.439 1 0 6.70686e+06 0 0 -102396 0.74522 2.24824e-26 0.226269 1.91418e-23 1.44381e-20 0.0285116 5.34375e-21 2.74428e-18 -1.0422e-22 2.35358e-25 
0.0498331 300.013 300.029 7.86512 0.299332 4320 0.378803 1 574.678 3820.31 716.309 1 0 6.70449e+06 0 0 -106310 0.74522 2.24807e-26 0.226269 1.914e-23 1.44366e-20 0.0285116 5.34536e-21 2.74429e-18 -1.0422e-22 2.35358e-25 
0.049845 300.014 300.03 7.86388 0.29938 4320 0.378802 1 574.68 3819.62 716.178 1 0 6.70211e+06 0 0 -110370 0.74522 2.2479e-26 0.226269 1.91382e-23 1.44352e-20 0.0285116 5.34697e-21 2.74429e-18 -1.0422e-22 2.35358e-25 
0.0498569 300.014 300.032 7.86264 0.299427 4320 0.378802 1 574.681 3818.92 716.048 1 0 6.69974e+06 0 0 -114580 0.74522 2.24773e-26 0.226269 1.91365e-23 1.44338e-20 0.0285116 5.34858e-21 2.7443e-18 -1.0422e-22 2.35358e-25 
0.0498688 300.015 300.033 7.86141 0.299475 4320 0.378801 1 574.682 3818.23 715.918 1 0 6.69737e+06 0 0 -118946 0.74522 2.24756e-26 0.226269 1.91347e-23 1.44323e-20 0.0285116 5.35019e-21 2.7443e-18 -1.0422e-22 2.35358e-25 
0.0498807 300.015 300.034 7.86017 0.299523 4320 0.378801 1 574.684 3817.54 715.788 1 0 6.695e+06 0 0 -123475 0.74522 2.2474e-26 0.226269 1.91329e-23 1.44309e-20 0.0285116 5.3518e-21 2.74431e-18 -1.0422e-22 2.35358e-25 
0.0498926 300.016 300.035 7.85894 0.29957 4320 0.3788 1 574.685 3816.84 715.658 1 0 6.69263e+06 0 0 -128172 0.74522 2.24724e-26 0.226269 1.91312e-23 1.44295e-20 0.0285116 5.35341e-21 2.74431e-18 -1.0422e-22 2.35358e-25 
0.0499045 300.017 300.036 7.8577 0.299618 4320 0.378799 1 574.687 3816.15 715.528 1 0 6.69027e+06 0 0 -133045 0.74522 2.24708e-26 0.226269 1.91294e-23 1.4428e-20 0.0285116 5.35502e-21 2.74432e-18 -1.0422e-22 2.35358e-25 
0.0499164 300.017 300.038 7.85647 0.299666 4320 0.378799 1 574.689 3815.46 715.398 1 0 6.6879e+06 0 0 -138099 0.74522 2.24692e-26 0.226269 1.91277e-23 1.44266e-20 0.0285116 5.35663e-21 2.74432e-18 -1.0422e-22 2.35358e-25 
0.0499283 300.018 300.039 7.85524 0.299713 4320 0.378798 1 574.69 3814.76 715.268 1 0 6.68554e+06 0 0 -143341 0.74522 2.24677e-26 0.226269 1.9126e-23 1.44252e-20 0.0285116 5.35824e-21 2.74433e-18 -1.0422e-22 2.35358e-25 
0.0499402 300.018 300.041 7.85401 0.299761 4320 0.378797 1 574.692 3814.07 715.138 1 0 6.68318e+06 0 0 -148778 0.74522 2.24662e-26 0.226269 1.91242e-23 1.44237e-20 0.0285116 5.35985e-21 2.74433e-18 -1.0422e-22 2.35358e-25 
0.0499521 300.019 300.042 7.85278 0.299808 4320 0.378797 1 574.694 3813.38 715.009 1 0 6.68081e+06 0 0 -154415 0.74522 2.24647e-26 0.226269 1.91225e-23 1.44223e-20 0.0285116 5.36146e-21 2.74434e-18 -1.0422e-22 2.35358e-25 
0.049964 300.02 300.044 7.85155 0.299856 4320 0.378796 1 574.696 3812.69 714.879 1 0 6.67846e+06 0 0 -160247 0.74522 2.24632e-26 0.226269 1.91208e-23 1.44209e-20 0.0285116 5.36307e-21 2.74435e-18 -1.0422e-22 2.35358e-25 
0.0499878 300.021 300.047 7.8491 0.299951 4320 0.378794 1 574.7 3811.3 714.62 1 0 6.67374e+06 0 0 -172432 0.74522 2.24604e-26 0.226269 1.91174e-23 1.4418e-20 0.0285116 5.3663e-21 2.74436e-18 -1.0422e-22 2.35358e-25 
0.0500116 300.023 300.051 7.84665 0.300046 4320 0.378792 1 574.704 3809.92 714.36 1 0 6.66903e+06 0 0 -185563 0.74522 2.24577e-26 0.226269 1.9114e-23 1.44151e-20 0.0285116 5.36952e-21 2.74437e-18 -1.0422e-22 2.35358e-25 
0.0500354 300.025 300.055 7.8442 0.300142 4320 0.378791 1 574.709 3808.54 714.101 1 0 6.66433e+06 0 0 -199746 0.74522 2.24552e-26 0.226269 1.91107e-23 1.44123e-20 0.0285116 5.37275e-21 2.74438e-18 -1.0422e-22 2.35358e-25 
0.0500473 300.026 300.057 7.84298 0.300189 4320 0.37879 1 574.711 3807.85 713.972 1 0 6.66199e+06 0 0 -207330 0.74522 2.24539e-26 0.226269 1.9109e-23 1.44108e-20 0.0285116 5.37436e-21 2.74438e-18 -1.0422e-22 2.35358e-25 
0.0500592 300.027 300.059 7.84177 0.300237 4320 0.378789 1 574.714 3807.16 713.843 1 0 6.65964e+06 0 0 -215192 0.74522 2.24527e-26 0.226269 1.91073e-23 1.44094e-20 0.0285116 5.37597e-21 2.74439e-18 -1.0422e-22 2.35358e-25 
0.0500711 300.028 300.061 7.84055 0.300284 4320 0.378788 1 574.717 3806.47 713.713 1 0 6.65729e+06 0 0 -223346 0.74522 2.24515e-26 0.226269 1.91057e-23 1.4408e-20 0.0285116 5.37758e-21 2.74439e-18 -1.0422e-22 2.35358e-25 
0.050083 300.029 300.063 7.83933 0.300332 4320 0.378787 1 574.719 3805.78 713.584 1 0 6.65495e+06 0 0 -231777 0.74522 2.24504e-26 0.226269 1.9104e-23 1.44065e-20 0.0285116 5.37919e-21 2.7444e-18 -1.0422e-22 2.35358e-25 
0.0501068 300.031 300.068 7.8369 0.300427 4320 0.378784 1 574.725 3804.4 713.326 1 0 6.65027e+06 0 0 -249393 0.74522 2.24483e-26 0.226269 1.91008e-23 1.44036e-20 0.0285116 5.38242e-21 2.74441e-18 -1.0422e-22 2.35358e-25 
0.0501306 300.033 300.073 7.83448 0.300522 4320 0.378782 1 574.731 3803.03 713.068 1 0 6.6456e+06 0 0 -268374 0.74522 2.24464e-26 0.226269 1.90976e-23 1.44008e-20 0.0285116 5.38565e-21 2.74442e-18 -1.0422e-22 2.35358e-25 
0.0501544 300.036 300.079 7.83207 0.300618 4320 0.37878 1 574.738 3801.65 712.81 1 0 6.64093e+06 0 0 -288871 0.74522 2.24447e-26 0.226269 1.90945e-23 1.43979e-20 0.0285116 5.38887e-21 2.74443e-18 -1.0422e-22 2.35358e-25 
0.0501663 300.037 300.082 7.83086 0.300665 4320 0.378779 1 574.742 3800.96 712.681 1 0 6.6386e+06 0 0 -299833 0.74522 2.24438e-26 0.226269 1.90929e-23 1.43965e-20 0.0285116 5.39049e-21 2.74444e-18 -1.0422e-22 2.35358e-25 
0.0501782 300.038 300.085 7.82966 0.300713 4320 0.378777 1 574.745 3800.28 712.552 1 0 6.63627e+06 0 0 -311198 0.74522 2.24431e-26 0.226269 1.90913e-23 1.4395e-20 0.0285116 5.3921e-21 2.74444e-18 -1.0422e-22 2.35358e-25 
0.0501901 300.04 300.088 7.82845 0.30076 4320 0.378776 1 574.749 3799.59 712.423 1 0 6.63394e+06 0 0 -322987 0.74522 2.24424e-26 0.226269 1.90898e-23 1.43936e-20 0.0285116 5.39371e-21 2.74445e-18 -1.0422e-22 2.35358e-25 
0.050202 300.041 300.092 7.82725 0.300808 4320 0.378774 1 574.753 3798.9 712.294 1 0 6.63161e+06 0 0 -335215 0.74522 2.24417e-26 0.226269 1.90883e-23 1.43922e-20 0.0285116 5.39533e-21 2.74445e-18 -1.0422e-22 2.35358e-25 
0.0502139 300.043 300.095 7.82605 0.300856 4320 0.378773 1 574.757 3798.21 712.165 1 0 6.62929e+06 0 0 -347901 0.74522 2.24411e-26 0.226269 1.90868e-23 1.43907e-20 0.0285116 5.39694e-21 2.74446e-18 -1.0422e-22 2.35358e-25 
0.0502258 300.044 300.099 7.82486 0.300903 4320 0.378771 1 574.762 3797.53 712.037 1 0 6.62697e+06 0 0 -361063 0.74522 2.24406e-26 0.226269 1.90852e-23 1.43893e-20 0.0285116 5.39855e-21 2.74446e-18 -1.0422e-22 2.35358e-25 
0.0502377 300.046 300.102 7.82366 0.300951 4320 0.37877 1 574.766 3796.84 711.908 1 0 6.62464e+06 0 0 -374744 0.74522 2.244e-26 0.226269 1.90838e-23 1.43878e-20 0.0285116 5.40017e-21 2.74447e-18 -1.0422e-22 2.35358e-25 
0.0502437 300.047 300.104 7.82306 0.300975 4320 0.378769 1 574.768 3796.5 711.844 1 0 6.62348e+06 0 0 -381814 0.74522 2.24397e-26 0.226269 1.9083e-23 1.43871e-20 0.0285116 5.40097e-21 2.74447e-18 -1.0422e-22 2.35358e-25 
0.0502496 300.048 300.106 7.82247 0.300999 4320 0.378768 1 574.771 3796.16 711.779 1 0 6.62233e+06 0 0 -389003 0.74522 2.24395e-26 0.226269 1.90823e-23 1.43864e-20 0.0285116 5.40178e-21 2.74447e-18 -1.0422e-22 2.35359e-25 
0.0502556 300.048 300.108 7.82187 0.301022 4320 0.378767 1 574.773 3795.81 711.715 1 0 6.62117e+06 0 0 -396332 0.74522 2.24393e-26 0.226269 1.90815e-23 1.43856e-20 0.0285116 5.40258e-21 2.74447e-18 -1.0422e-22 2.35359e-25 
0.0502615 300.049 300.11 7.82128 0.301046 4320 0.378766 1 574.776 3795.47 711.651 1 0 6.62001e+06 0 0 -403768 0.74522 2.24392e-26 0.226269 1.90808e-23 1.43849e-20 0.0285116 5.40339e-21 2.74447e-18 -1.0422e-22 2.35359e-25 
0.0502734 300.051 300.114 7.82009 0.301094 4320 0.378764 1 574.781 3794.79 711.522 1 0 6.61769e+06 0 0 -418979 0.74522 2.2439e-26 0.226269 1.90794e-23 1.43835e-20 0.0285116 5.405e-21 2.74448e-18 -1.0422e-22 2.35359e-25 
0.0502853 300.053 300.119 7.8189 0.301141 4320 0.378762 1 574.786 3794.1 711.394 1 0 6.61538e+06 0 0 -434768 0.74522 2.24389e-26 0.226269 1.90779e-23 1.4382e-20 0.0285116 5.40662e-21 2.74448e-18 -1.0422e-22 2.35359e-25 
0.0502972 300.055 300.123 7.81772 0.301189 4320 0.378759 1 574.791 3793.42 711.265 1 0 6.61307e+06 0 0 -451102 0.74522 2.24388e-26 0.226269 1.90765e-23 1.43806e-20 0.0285116 5.40824e-21 2.74449e-18 -1.0422e-22 2.35359e-25 
0.050321 300.059 300.133 7.81536 0.301284 4320 0.378753 1 574.802 3792.05 711.009 1 0 6.60846e+06 0 0 -485060 0.74522 2.2439e-26 0.226269 1.90738e-23 1.43777e-20 0.0285116 5.41147e-21 2.7445e-18 -1.0422e-22 2.35359e-25 
0.0503687 300.069 300.154 7.81067 0.301475 4320 0.378742 1 574.828 3789.31 710.496 1 0 6.59925e+06 0 0 -558994 0.74522 2.24406e-26 0.226269 1.90688e-23 1.4372e-20 0.0285116 5.41794e-21 2.74453e-18 -1.0422e-22 2.35359e-25 
0.0504163 300.08 300.178 7.80604 0.301665 4320 0.378731 1 574.857 3786.58 709.984 1 0 6.59009e+06 0 0 -644897 0.74522 2.24439e-26 0.226269 1.90641e-23 1.43662e-20 0.0285116 5.42441e-21 2.74455e-18 -1.0422e-22 2.35359e-25 
0.0504639 300.093 300.206 7.80145 0.301855 4320 0.378709 1 574.891 3783.85 709.472 1 0 6.58096e+06 0 0 -744050 0.74522 2.24492e-26 0.226269 1.90599e-23 1.43605e-20 0.0285116 5.43089e-21 2.74457e-18 -1.0422e-22 2.35359e-25 
0.0505591 300.128 300.276 7.79251 0.302236 4320 0.378673 1 574.975 3778.41 708.452 1 0 6.56284e+06 0 0 -976744 0.74522 2.24684e-26 0.226269 1.90538e-23 1.4349e-20 0.0285116 5.44387e-21 2.74462e-18 -1.0422e-22 2.35359e-25 
0.0506543 300.173 300.37 7.78387 0.302617 4320 0.378625 1 575.087 3772.98 707.434 1 0 6.54492e+06 0 0 -1.28966e+06 0.74522 2.24996e-26 0.226269 1.90506e-23 1.43374e-20 0.0285116 5.45688e-21 2.74467e-18 -1.0422e-22 2.35359e-25 
0.0507495 300.232 300.494 7.77563 0.302998 4320 0.378561 1 575.236 3767.57 706.419 1 0 6.52722e+06 0 0 -1.70767e+06 0.74522 2.25467e-26 0.226269 1.90513e-23 1.43258e-20 0.0285116 5.46991e-21 2.74472e-18 -1.0422e-22 2.35359e-25 
0.0508447 300.312 300.659 7.76793 0.303379 4320 0.378416 1 575.434 3762.17 705.407 1 0 6.5098e+06 0 0 -2.26093e+06 0.74522 2.26156e-26 0.226269 1.90574e-23 1.43142e-20 0.0285116 5.48299e-21 2.74476e-18 -1.0422e-22 2.35359e-25 
0.0510352 300.574 301.152 7.75524 0.304141 4320 0.378121 1 576.023 3751.43 703.392 1 0 6.47625e+06 0 0 -3.7436e+06 0.74522 2.28692e-26 0.226269 1.91e-23 1.42907e-20 0.0285116 5.50939e-21 2.74486e-18 -1.0422e-22 2.35359e-25 
0.0512256 301.017 302.004 7.74726 0.304902 4320 0.377791 1 577.04 3740.74 701.389 1 0 6.44483e+06 0 0 -6.36522e+06 0.74522 2.3329e-26 0.226269 1.91938e-23 1.42668e-20 0.0285116 5.5362e-21 2.74496e-18 -1.0422e-22 2.35359e-25 
0.0513208 301.319 302.66 7.74536 0.305283 4320 0.377459 1 577.819 3735.42 700.391 1 0 6.43003e+06 0 0 -8.63093e+06 0.74522 2.36523e-26 0.226269 1.9261e-23 1.42547e-20 0.0285116 5.54975e-21 2.74501e-18 -1.0422e-22 2.35359e-25 
0.051416 301.723 303.523 7.74609 0.305664 4320 0.377023 1 578.841 3730.12 699.397 1 0 6.41634e+06 0 0 -1.15658e+07 0.74522 2.40975e-26 0.226269 1.93557e-23 1.42424e-20 0.0285116 5.56348e-21 2.74506e-18 -1.0422e-22 2.35359e-25 
0.0515112 302.262 304.666 7.75026 0.306045 4320 0.376448 1 580.187 3724.83 698.405 1 0 6.40405e+06 0 0 -1.54044e+07 0.74522 2.47089e-26 0.226269 1.9488e-23 1.42299e-20 0.0285116 5.57746e-21 2.74511e-18 -1.0422e-22 2.35359e-25 
0.0516064 302.974 306.181 7.75887 0.306426 4320 0.375919 1 581.961 3719.55 697.416 1 0 6.39357e+06 0 0 -2.05043e+07 0.74522 2.55461e-26 0.226269 1.967e-23 1.4217e-20 0.0285116 5.59176e-21 2.74516e-18 -1.0422e-22 2.35359e-25 
0.0516541 303.391 307.125 7.76473 0.306616 4320 0.375483 1 583.06 3716.92 696.923 1 0 6.38895e+06 0 0 -2.3853e+07 0.74522 2.60496e-26 0.226269 1.97785e-23 1.42107e-20 0.0285116 5.59904e-21 2.74519e-18 -1.0422e-22 2.35359e-25 
0.0517017 303.873 308.215 7.77222 0.306807 4320 0.375122 1 584.321 3714.29 696.43 1 0 6.38498e+06 0 0 -2.76771e+07 0.74522 2.66573e-26 0.226269 1.99219e-23 1.42056e-20 0.0285116 5.60674e-21 2.74522e-18 -1.0422e-22 2.35359e-25 
0.0517255 304.133 308.822 7.77646 0.306902 4320 0.374924 1 585.022 3712.98 696.184 1 0 6.38319e+06 0 0 -2.98973e+07 0.74522 2.70688e-26 0.226269 2.00807e-23 1.42086e-20 0.0285116 5.61218e-21 2.74523e-18 -1.0422e-22 2.35359e-25 
0.0517374 304.269 309.144 7.77873 0.306949 4320 0.374785 1 585.391 3712.32 696.061 1 0 6.38235e+06 0 0 -3.10806e+07 0.74522 2.74849e-26 0.226269 2.03436e-23 1.42204e-20 0.0285116 5.6189e-21 2.74523e-18 -1.0422e-22 2.35359e-25 
0.0517493 304.409 309.476 7.78112 0.306997 4320 0.374679 1 585.774 3711.67 695.938 1 0 6.38156e+06 0 0 -3.22853e+07 0.74522 2.85623e-26 0.226269 2.11778e-23 1.42619e-20 0.0285116 5.64061e-21 2.74524e-18 -1.0422e-22 2.35359e-25 
0.0517552 304.481 309.647 7.78235 0.307021 4320 0.374605 1 585.97 3711.34 695.876 1 0 6.38118e+06 0 0 -3.29716e+07 0.74522 3.0095e-26 0.226269 2.23418e-23 1.43183e-20 0.0285116 5.67442e-21 2.74525e-18 -1.0422e-22 2.35359e-25 
0.0517612 304.555 309.822 7.78363 0.307045 4320 0.374531 1 586.17 3711.01 695.815 1 0 6.38082e+06 0 0 -3.36134e+07 0.74522 3.33583e-26 0.226269 2.48918e-23 1.44376e-20 0.0285116 5.75908e-21 2.74526e-18 -1.0422e-22 2.35359e-25 
0.0517671 304.63 309.999 7.78494 0.307068 4320 0.374455 1 586.373 3710.68 695.753 1 0 6.38047e+06 0 0 -3.42667e+07 0.74522 4.05462e-26 0.226269 3.04939e-23 1.46892e-20 0.0285116 5.97321e-21 2.74528e-18 -1.0422e-22 2.35359e-25 
0.0517731 304.706 310.18 7.78628 0.307092 4320 0.374378 1 586.58 3710.36 695.692 1 0 6.38013e+06 0 0 -3.49318e+07 0.74522 5.66561e-26 0.226269 4.28189e-23 1.52182e-20 0.0285116 6.51707e-21 2.74533e-18 -1.0422e-22 2.35359e-25 
0.051779 304.784 310.364 7.78766 0.307116 4320 0.3743 1 586.79 3710.03 695.631 1 0 6.37981e+06 0 0 -3.55557e+07 0.74522 9.32505e-26 0.226269 6.99539e-23 1.63294e-20 0.0285116 7.90059e-21 2.74546e-18 -1.04221e-22 2.35359e-25 
0.051785 304.863 310.551 7.78908 0.30714 4320 0.37424 1 587.004 3709.7 695.569 1 0 6.3795e+06 0 0 -3.62255e+07 0.74522 1.7754e-25 0.226269 1.29715e-22 1.86622e-20 0.0285116 1.14222e-20 2.7458e-18 -1.04221e-22 2.35359e-25 
0.0517879 304.903 310.646 7.7898 0.307152 4320 0.3742 1 587.113 3709.54 695.538 1 0 6.37935e+06 0 0 -3.66459e+07 0.74522 2.62085e-25 0.226269 1.86555e-22 2.07898e-20 0.0285116 1.5225e-20 2.74617e-18 -1.04221e-22 2.35359e-25 
0.0517909 304.943 310.742 7.79053 0.307164 4320 0.374159 1 587.222 3709.37 695.508 1 0 6.3792e+06 0 0 -3.6943e+07 0.74522 3.94931e-25 0.226269 2.77095e-22 2.40858e-20 0.0285116 2.19686e-20 2.74684e-18 -1.04221e-22 2.35359e-25 
0.0517939 304.984 310.839 7.79126 0.307176 4320 0.374129 1 587.333 3709.21 695.477 1 0 6.37906e+06 0 0 -3.72795e+07 0.74522 6.04361e-25 0.226269 4.21226e-22 2.91915e-20 0.0285116 3.39277e-20 2.74806e-18 -1.04221e-22 2.35359e-25 
0.0517954 305.004 310.888 7.79164 0.307182 4320 0.374108 1 587.388 3709.13 695.462 1 0 6.37899e+06 0 0 -3.75336e+07 0.74522 7.54426e-25 0.226269 5.25253e-22 3.27954e-20 0.0285116 4.33758e-20 2.74905e-18 -1.04221e-22 2.35359e-25 
0.0517969 305.025 310.937 7.79201 0.307188 4320 0.374088 1 587.444 3709.05 695.446 1 0 6.37892e+06 0 0 -3.77139e+07 0.74522 9.44052e-25 0.226269 6.5982e-22 3.73885e-20 0.0285116 5.6478e-20 2.75045e-18 -1.04221e-22 2.35359e-25 
0.0517984 305.046 310.986 7.79239 0.307193 4320 0.374067 1 587.5 3708.97 695.431 1 0 6.37886e+06 0 0 -3.80121e+07 0.74522 1.18344e-24 0.226269 8.3385e-22 4.32422e-20 0.0285116 7.46471e-20 2.75244e-18 -1.04221e-22 2.35359e-25 
0.0517999 305.066 311.035 7.79277 0.307199 4320 0.374035 1 587.556 3708.88 695.416 1 0 6.37879e+06 0 0 -3.81567e+07 0.74522 1.48521e-24 0.226269 1.05888e-21 5.07021e-20 0.0285116 9.98426e-20 2.75525e-18 -1.04221e-22 2.35359e-25 
0.0518028 305.108 311.135 7.79355 0.307211 4320 0.373993 1 587.67 3708.72 695.385 1 0 6.37866e+06 0 0 -3.84449e+07 0.74522 2.3226e-24 0.226269 1.70662e-21 7.1762e-20 0.0285116 1.7946e-19 2.76441e-18 -1.04221e-22 2.35359e-25 
0.0518058 305.151 311.235 7.79433 0.307223 4320 0.373951 1 587.784 3708.56 695.354 1 0 6.37854e+06 0 0 -3.89381e+07 0.74522 3.62154e-24 0.226269 2.73598e-21 1.04377e-19 0.0285116 3.20637e-19 2.78121e-18 -1.04221e-22 2.35359e-25 
0.0518088 305.194 311.337 7.79512 0.307235 4320 0.373886 1 587.899 3708.39 695.324 1 0 6.37842e+06 0 0 -3.92726e+07 0.74522 5.62439e-24 0.226269 4.37222e-21 1.54883e-19 0.0285116 5.7096e-19 2.81206e-18 -1.04221e-22 2.35359e-25 
0.0518147 305.281 311.542 7.79675 0.307259 4320 0.373799 1 588.133 3708.07 695.262 1 0 6.37819e+06 0 0 -3.99442e+07 0.74522 1.28252e-23 0.226269 1.05393e-20 3.38989e-19 0.0285116 1.652e-18 2.95128e-18 -1.04221e-22 2.35359e-25 
0.0518207 305.37 311.752 7.79841 0.307283 4320 0.373711 1 588.371 3707.74 695.201 1 0 6.37798e+06 0 0 -4.07115e+07 0.74522 2.86261e-23 0.226269 2.409e-20 7.24976e-19 0.0285116 4.40341e-18 3.32365e-18 -1.04221e-22 2.35359e-25 
0.0518266 305.461 311.965 7.80012 0.307307 4320 0.37362 1 588.613 3707.41 695.14 1 0 6.37778e+06 0 0 -4.14927e+07 0.74522 6.30153e-23 0.226269 5.39093e-20 1.53409e-18 0.0285116 1.14048e-17 4.32062e-18 -1.04221e-22 2.35359e-25 
0.0518326 305.553 312.182 7.80188 0.30733 4320 0.373529 1 588.859 3707.08 695.078 1 0 6.37761e+06 0 0 -4.22881e+07 0.74522 1.37347e-22 0.226269 1.19571e-19 3.2299e-18 0.0285116 2.92174e-17 6.99224e-18 -1.04221e-22 2.35359e-25 
0.0518385 305.647 312.403 7.80368 0.307354 4320 0.373435 1 589.11 3706.76 695.017 1 0 6.37745e+06 0 0 -4.32529e+07 0.74522 2.96515e-22 0.226269 2.64196e-19 6.78356e-18 0.0285116 7.45263e-17 1.41568e-17 -1.04221e-22 2.35359e-25 
0.0518445 305.744 312.629 7.80554 0.307378 4320 0.373291 1 589.365 3706.43 694.956 1 0 6.37731e+06 0 0 -4.40337e+07 0.74522 6.32608e-22 0.226269 5.82777e-19 1.42292e-17 0.0285116 1.89752e-16 3.33814e-17 -1.04221e-22 2.35359e-25 
0.0518564 305.943 313.093 7.80942 0.307426 4320 0.373094 1 589.888 3705.78 694.833 1 0 6.37711e+06 0 0 -4.57992e+07 0.74522 2.37962e-21 0.226269 2.36914e-18 5.35669e-17 0.0285116 9.53226e-16 1.68952e-16 -1.04221e-22 2.35359e-25 
0.0518683 306.151 313.574 7.81353 0.307473 4320 0.372782 1 590.43 3705.12 694.711 1 0 6.37698e+06 0 0 -4.7796e+07 0.74522 8.35493e-21 0.226269 8.59412e-18 1.78964e-16 0.0285116 4.06927e-15 7.60703e-16 -1.04221e-22 2.35359e-25 
0.0518921 306.599 314.592 7.82254 0.307568 4320 0.372101 1 591.573 3703.82 694.466 1 0 6.37705e+06 0 0 -5.1235e+07 0.74522 6.11167e-20 0.226269 6.76089e-17 1.25156e-15 0.0285116 3.90599e-14 7.91435e-15 -1.04221e-22 2.35359e-25 
0.0519397 307.63 316.865 7.84397 0.307759 4320 0.371092 1 594.104 3701.21 693.976 1 0 6.37849e+06 0 0 -5.94899e+07 0.74522 9.91103e-19 0.226269 1.13058e-15 1.74137e-14 0.0285116 7.525e-13 1.66012e-13 -1.04221e-22 2.35359e-25 
0.0519873 308.83 319.508 7.86969 0.307949 4320 0.369228 1 597.012 3698.6 693.488 1 0 6.38157e+06 0 0 -6.88988e+07 0.74522 1.38782e-17 0.226269 1.52244e-14 1.73926e-13 0.0285116 1.01723e-11 2.43098e-12 -1.04221e-22 2.35359e-25 
0.0520825 311.987 326.09 7.94033 0.30833 4320 0.36618 1 604.091 3693.4 692.513 1 0 6.39497e+06 0 0 -9.10328e+07 0.74522 5.51063e-16 0.226269 5.63192e-13 4.5269e-12 0.0285116 3.70166e-10 9.6691e-11 -1.04221e-22 2.35356e-25 
0.0521777 316.208 334.98 8.03781 0.308711 4320 0.362206 1 613.296 3688.21 691.54 1 0 6.41828e+06 0 0 -1.2197e+08 0.74522 2.18824e-14 0.226269 1.83335e-11 8.29717e-11 0.0285115 9.29333e-09 2.63897e-09 -1.04221e-22 2.35262e-25 
0.0522729 321.9 347.021 8.17238 0.309092 4320 0.357044 1 625.132 3683.04 690.571 1 0 6.45496e+06 0 0 -1.69327e+08 0.74522 1.19443e-12 0.226269 6.06606e-10 1.47673e-09 0.0285109 2.26441e-07 6.99124e-08 -1.04218e-22 2.32373e-25 
0.0523682 329.765 363.535 8.36132 0.309473 4320 0.345405 1 640.244 3677.89 689.604 1 0 6.51051e+06 0 0 -2.5289e+08 0.745223 1.25641e-10 0.226265 2.05667e-08 2.57794e-08 0.0285052 5.38246e-06 1.79184e-06 -1.04152e-22 1.47217e-25 
0.0525586 360.236 417.589 9.10103 0.310234 4320 0.305054 1 681.666 3667.61 687.678 1 0 6.7364e+06 0 0 -4.38464e+08 0.745235 5.87918e-08 0.225942 2.01269e-06 1.18265e-06 0.0283696 0.00033651 0.000113232 -9.97525e-23 -6.15947e-24 
0.0529395 645.506 696.365 15.91 0.311758 4320 0.248737 1 782.62 3647.24 683.858 1 0 8.47484e+06 0 0 -4.47845e+08 0.744823 5.11267e-05 0.207099 0.000375204 6.41664e-05 0.0250993 0.0219338 0.000554322 -9.47924e-23 -1.3197e-23 
0.0533203 1336.48 1299.43 31.2897 0.313281 4320 0.214613 1 847.592 3627.1 680.081 1 0 1.16123e+07 0 0 4.70671e+08 0.745014 0.0021878 0.0830489 0.00422979 0.00543817 0.00875944 0.151236 8.56705e-05 -1.00995e-22 -4.33051e-24 
0.054082 1750.71 1742.96 39.2918 0.316328 4320 0.200984 1 864.986 3587.47 672.65 1 0 1.24158e+07 0 0 1.00417e+08 0.745106 0.00162644 0.0367935 0.01031 0.00615407 0.00409835 0.195891 2.11852e-05 -9.52995e-23 -1.25336e-23 
0.0548437 1928.72 1926.69 42.252 0.319375 4320 0.194978 1 870.169 3548.69 665.38 1 0 1.24444e+07 0 0 2.57852e+07 0.745112 0.00103879 0.0277927 0.0114783 0.00452989 0.00344415 0.206593 1.16233e-05 -9.02447e-23 -1.97946e-23 
0.0563672 2075.74 2075.26 44.0833 0.325469 4320 0.191217 1 873.951 3473.6 651.301 1 0 1.21316e+07 0 0 5.85463e+06 0.745113 0.0006116 0.0216311 0.0109946 0.00291644 0.00287527 0.215851 6.62525e-06 -8.3802e-23 -2.90433e-23 
0.0578906 2155.89 2155.69 44.648 0.331562 4320 0.188785 1 875.963 3401.63 637.805 1 0 1.17379e+07 0 0 2.3249e+06 0.745113 0.000418448 0.0181948 0.0101487 0.00208775 0.00248623 0.221546 4.61831e-06 -7.87074e-23 -3.63562e-23 
0.0609375 2232.95 2232.89 44.322 0.34375 4320 0.186986 1 877.934 3266.27 612.425 1 0 1.09183e+07 0 0 673540 0.745113 0.000262633 0.0147555 0.00889768 0.00137083 0.00204739 0.22755 3.16239e-06 -7.19768e-23 -4.60159e-23 
0.0639844 2277.43 2277.39 43.4975 0.355938 4320 0.185941 1 879.108 3141.27 588.987 1 0 1.01542e+07 0 0 328647 0.745113 0.000187085 0.0126905 0.00795861 0.00100462 0.0017626 0.231281 2.54191e-06 -6.68446e-23 -5.33816e-23 
0.0670313 2305.76 2305.74 42.4817 0.368125 4320 0.185127 1 879.876 3025.48 567.278 1 0 9.45624e+06 0 0 182766 0.745113 0.000144855 0.0113359 0.00727178 0.000793743 0.0015679 0.23377 2.23121e-06 -6.29048e-23 -5.90359e-23 
0.073125 2335.18 2335.18 40.2548 0.3925 4320 0.184493 1 880.694 2817.76 528.33 1 0 8.24444e+06 0 0 65925.6 0.745113 0.000106121 0.00989004 0.00648384 0.000595902 0.00135357 0.236455 1.97481e-06 -5.77175e-23 -6.64806e-23 
0.0792188 2351.45 2351.45 38.1144 0.416875 4320 0.184144 1 881.156 2636.73 494.386 1 0 7.24568e+06 0 0 35286.5 0.745113 8.70535e-05 0.0090699 0.00601572 0.000496646 0.00122949 0.237986 1.85901e-06 -5.25708e-23 -7.38472e-23 
0.0853125 2360.64 2360.63 36.1224 0.44125 4320 0.183947 1 881.421 2477.55 464.541 1 0 6.4153e+06 0 0 19834.1 0.745113 7.70567e-05 0.00859857 0.00574195 0.000444079 0.00115751 0.238866 1.80044e-06 -4.6542e-23 -8.29723e-23 
0.0914062 2365.83 2365.83 34.2922 0.465625 4320 0.183851 1 881.571 2336.5 438.094 1 0 5.71855e+06 0 0 9755.53 0.745113 7.16594e-05 0.00832933 0.00558454 0.000415546 0.00111619 0.239368 1.76917e-06 -3.95947e-23 -9.14123e-23 
0.0944531 2367.69 2367.69 33.4387 0.477812 4320 0.183816 1 881.625 2271.83 425.969 1 0 5.41178e+06 0 0 8248.69 0.745113 6.97723e-05 0.00823233 0.00552774 0.000405541 0.00110129 0.239548 1.75824e-06 -3.65808e-23 -9.49693e-23 
0.0959766 2368.46 2368.46 33.0263 0.483906 4320 0.1838 1 881.648 2240.82 420.154 1 0 5.26752e+06 0 0 7807.97 0.745113 6.89944e-05 0.00819186 0.00550405 0.000401412 0.00109507 0.239623 1.75373e-06 -3.5301e-23 -9.66991e-23 
0.0967383 2368.81 2368.81 32.8235 0.486953 4320 0.183791 1 881.658 2225.63 417.306 1 0 5.19753e+06 0 0 9963.78 0.745113 6.86437e-05 0.00817348 0.00549331 0.000399548 0.00109226 0.239658 1.75169e-06 -3.47653e-23 -9.75742e-23 
0.0975 2369.13 2369.13 32.623 0.49 4320 0.183784 1 881.667 2210.65 414.496 1 0 5.12892e+06 0 0 8705.01 0.745113 6.83258e-05 0.00815678 0.00548355 0.00039786 0.0010897 0.239689 1.74984e-06 -3.42484e-23 -9.83404e-23 
0.098125 2369.37 2369.37 32.46 0.4925 4320 0.183777 1 881.674 2198.5 412.219 1 0 5.07362e+06 0 0 8711.16 0.745113 6.80859e-05 0.00814413 0.00547616 0.000396584 0.00108776 0.239712 1.74845e-06 -3.38536e-23 -9.90849e-23 
0.09875 2369.59 2369.59 32.2985 0.495 4320 0.183772 1 881.681 2186.49 409.967 1 0 5.01921e+06 0 0 8141.25 0.745113 6.78649e-05 0.00813246 0.00546934 0.00039541 0.00108597 0.239734 1.74716e-06 -3.33384e-23 -9.94571e-23 
0.099375 2369.8 2369.79 32.1385 0.4975 4320 0.183766 1 881.687 2174.61 407.739 1 0 4.96566e+06 0 0 7739.01 0.745113 6.76615e-05 0.0081217 0.00546305 0.000394328 0.00108432 0.239754 1.74597e-06 -3.30325e-23 -1.00248e-22 
0.1 2369.98 2369.98 31.9798 0.5 4320 0.183759 1 881.692 2162.85 405.535 1 0 4.91296e+06 0 0 8297.46 0.745113 6.74746e-05 0.00811177 0.00545726 0.000393333 0.00108281 0.239772 1.74488e-06 -3.29145e-23 -1.0092e-22 
0.10125 2370.31 2370.31 31.6667 0.505 4320 0.183751 1 881.702 2139.72 401.198 1 0 4.81003e+06 0 0 5605.39 0.745113 6.71548e-05 0.00809478 0.00544734 0.000391633 0.0010802 0.239804 1.74302e-06 -3.21774e-23 -1.01919e-22 
0.1025 2370.58 2370.58 31.3592 0.51 4320 0.183744 1 881.71 2117.08 396.953 1 0 4.71029e+06 0 0 5038.11 0.745113 6.68826e-05 0.00808028 0.00543887 0.000390184 0.00107798 0.239831 1.74143e-06 -3.19326e-23 -1.02815e-22 
0.104023 2370.86 2370.86 30.9919 0.516094 4320 0.183737 1 881.718 2090.13 391.899 1 0 4.59285e+06 0 0 3876.83 0.745113 6.6609e-05 0.00806567 0.00543034 0.000388729 0.00107574 0.239858 1.73984e-06 -3.13361e-23 -1.03891e-22 
0.105547 2371.09 2371.09 30.6326 0.522188 4320 0.183729 1 881.725 2063.85 386.972 1 0 4.47973e+06 0 0 3588.66 0.745113 6.63842e-05 0.00805363 0.00542332 0.000387532 0.0010739 0.23988 1.73854e-06 -3.08096e-23 -1.03058e-22 
0.108594 2371.41 2371.42 29.9373 0.534375 4320 0.18372 1 881.734 2013.23 377.48 1 0 4.26564e+06 0 0 1962.28 0.745113 6.60704e-05 0.0080368 0.0054135 0.000385863 0.00107132 0.239911 1.73672e-06 -2.82892e-23 -1.02825e-22 
0.114688 2371.76 2371.77 28.6347 0.55875 4320 0.183713 1 881.744 1919.09 359.829 1 0 3.881e+06 0 0 797.388 0.745113 6.57392e-05 0.008019 0.00540316 0.000384103 0.00106859 0.239944 1.73484e-06 2.0633e-23 -7.06494e-23 
0.120781 2371.95 2371.95 27.4395 0.583125 4320 0.183709 1 881.75 1833.36 343.755 1 0 3.54611e+06 0 0 416.876 0.745113 6.557e-05 0.00800988 0.00539791 0.000383205 0.00106719 0.239961 1.73391e-06 -5.34462e-23 -4.85688e-23 
0.126875 2372.05 2372.06 26.3395 0.6075 4320 0.183706 1 881.753 1754.96 329.056 1 0 3.25276e+06 0 0 178.881 0.745113 6.54869e-05 0.00800538 0.00539539 0.000382766 0.00106651 0.239969 1.7335e-06 -1.39324e-22 3.02027e-22 
0.139063 2372.15 2372.16 24.3838 0.65625 4320 0.183704 1 881.756 1616.7 303.131 1 0 2.76557e+06 0 0 37.1278 0.745113 6.54433e-05 0.00800298 0.0053943 0.000382544 0.00106616 0.239973 1.73346e-06 -1.76212e-22 -3.09895e-23 
0.15125 2372.22 2372.23 22.6983 0.705 4320 0.183702 1 881.758 1498.63 280.993 1 0 2.38019e+06 0 0 4.29229 0.745113 6.54443e-05 0.00800297 0.0053947 0.000382563 0.00106618 0.239973 1.73374e-06 -4.53619e-22 2.89008e-22 
0.163438 2372.28 2372.3 21.2309 0.75375 4320 0.1837 1 881.76 1396.63 261.868 1 0 2.07011e+06 0 0 -5.29727 0.745113 6.54628e-05 0.00800389 0.00539572 0.000382676 0.00106636 0.239971 1.73418e-06 2.21873e-23 -7.48492e-22 
0.175625 2372.35 2372.37 19.9418 0.8025 4320 0.183698 1 881.762 1307.63 245.181 1 0 1.81692e+06 0 0 -5.98228 0.745113 6.54891e-05 0.00800521 0.00539705 0.000382834 0.0010666 0.239968 1.73472e-06 -2.70661e-23 -3.43603e-22 
0.187812 2372.42 2372.44 18.8004 0.85125 4320 0.183697 1 881.764 1229.3 230.493 1 0 1.60749e+06 0 0 93.8648 0.745113 6.55196e-05 0.00800677 0.00539857 0.000383017 0.00106687 0.239964 1.73531e-06 -7.99877e-23 -2.83636e-22 
0.2 2372.42 2372.44 17.782 0.9 4320 0.183697 1 881.764 1159.82 217.466 1 0 1.43227e+06 0 0 6.78005e+06 0.745113 6.55196e-05 0.00800677 0.00539857 0.000383017 0.00106687 0.239964 1.73531e-06 -7.99824e-23 -2.83623e-22 
