#x Tg Ts u porosity solidDensity effectiveSolidHeatConductivity tortuosity_factor solidHeatCapacity specificArea extinctionCoefficient scatteringAlbedo emissivity hv insulationTransmissivity divq divSolidHeatConduction N2 H2 H O2 O H2O OH H2O2 HO2 NO N2O NO2 HNO HNO2 HONO HONO2 N2H2 H2NN NH2OH HNOH NH3 N2H4 N NO3 NH NNH NH2 H2NO N2H3 
0 300 300 0.753582 0.86 2620 3.82895 1.15014 674.038 986.375 683 0.55 0.9 220138 0.6 -925.895 -nan 0.652508 0.00721198 1.40255e-19 0.198119 -1.69743e-18 -1.56873e-21 -3.59764e-22 1.04059e-18 2.11041e-20 -2.00084e-21 -1.22084e-18 -9.71296e-22 3.22924e-19 2.41825e-19 -4.05435e-19 1.30274e-19 -1.69055e-19 -1.99416e-19 7.93008e-19 -9.83742e-21 0.142161 -1.21135e-19 -2.892e-19 -1.40803e-24 5.97803e-24 4.64661e-32 3.54037e-19 5.5022e-20 -1.8686e-19 
0.0051 300.63 301.076 0.755164 0.86 2620 3.81941 1.15014 676.331 986.375 683 0.55 0.9 220385 0.6 -1338.71 -97661.9 0.652508 0.00721198 5.67328e-24 0.198119 -1.65919e-18 -2.98171e-19 -5.26794e-23 1.07588e-18 4.18395e-18 -4.24528e-19 -1.22084e-18 -2.35074e-19 3.22911e-19 2.41825e-19 -4.05435e-19 1.30274e-19 -1.69055e-19 -4.66861e-20 7.93008e-19 -9.83742e-21 0.142161 -1.21138e-19 -9.22321e-20 -1.408e-24 -3.08031e-25 1.27939e-32 -2.70836e-20 5.50262e-20 -1.86859e-19 
0.0102 301.912 302.82 0.758385 0.86 2620 3.80311 1.15014 680.024 986.375 683 0.55 0.9 220887 0.6 -2699.98 -199828 0.652508 0.00721198 -6.94298e-25 0.198119 -1.47958e-18 -5.8363e-19 -5.04984e-23 1.10784e-18 3.60723e-18 -5.63362e-19 -1.22084e-18 -2.93765e-19 3.22897e-19 2.41825e-19 -4.05435e-19 1.30274e-19 -1.69055e-19 -8.3976e-21 7.93008e-19 -9.83742e-21 0.142161 -1.2114e-19 -2.75128e-20 -1.40796e-24 -5.53379e-25 -1.67728e-33 -3.05152e-19 5.50303e-20 -1.86859e-19 
0.0153 304.272 305.938 0.764314 0.86 2620 3.7741 1.15014 686.563 986.375 683 0.55 0.9 221809 0.6 -5558.7 -369441 0.652508 0.00721198 -7.97397e-25 0.198119 -1.25901e-18 -8.57979e-19 -4.8205e-23 1.13589e-18 2.99144e-18 -6.06715e-19 -1.22084e-18 -3.05567e-19 3.22881e-19 2.41825e-19 -4.05435e-19 1.30274e-19 -1.69055e-19 -6.9872e-22 7.93008e-19 -9.83742e-21 0.142161 -1.21142e-19 -7.30031e-21 -1.40791e-24 -1.85292e-25 -2.25719e-33 -5.24619e-19 5.50344e-20 -1.86859e-19 
0.0204 308.596 311.626 0.775174 0.86 2620 3.7223 1.15014 698.281 986.375 683 0.55 0.9 223494 0.6 -12045.8 -681319 0.652508 0.00721198 -9.7048e-25 0.198119 -1.02589e-18 -1.12775e-18 -4.68858e-23 1.15942e-18 2.31499e-18 -6.18899e-19 -1.22084e-18 -3.06978e-19 3.22859e-19 2.41825e-19 -4.05435e-19 1.30274e-19 -1.69055e-19 2.21899e-22 7.93008e-19 -9.83742e-21 0.142161 -1.21144e-19 -1.61394e-21 -1.40782e-24 -6.00391e-26 -3.50979e-33 -6.98611e-19 5.50384e-20 -1.86859e-19 
0.0255 316.607 322.154 0.795299 0.86 2620 3.63069 1.15014 719.265 986.375 683 0.55 0.9 226601 0.6 -27376.3 -1.25633e+06 0.652508 0.00721198 -1.31599e-24 0.198119 -7.81642e-19 -1.40443e-18 -4.72463e-23 1.17776e-18 1.52577e-18 -6.21741e-19 -1.22084e-18 -3.06824e-19 3.22822e-19 2.41825e-19 -4.05435e-19 1.30274e-19 -1.69055e-19 1.21212e-22 7.93008e-19 -9.83742e-21 0.142161 -1.21147e-19 -2.75028e-22 -1.40766e-24 -2.48613e-26 -6.93508e-33 -8.24568e-19 5.50423e-20 -1.86859e-19 
0.0306 331.707 341.948 0.833228 0.86 2620 3.52849 1.15014 756.348 986.375 683 0.55 0.9 232407 0.6 -60899.4 -2.3713e+06 0.652508 0.00721198 -2.10549e-24 0.198119 -5.1827e-19 -1.70126e-18 -4.92937e-23 1.19038e-18 5.21039e-19 -6.22174e-19 -1.22084e-18 -3.06682e-19 3.22729e-19 2.41825e-19 -4.05435e-19 1.30274e-19 -1.69055e-19 2.82475e-23 7.93008e-19 -9.83742e-21 0.142161 -1.2115e-19 -3.29905e-23 -1.40725e-24 -4.70322e-27 -1.98466e-32 -8.7624e-19 5.5046e-20 -1.86859e-19 
0.03315 343.275 358.687 0.862287 0.86 2620 3.4231 1.15014 785.428 986.375 683 0.55 0.9 236816 0.6 -105833 -3.68888e+06 0.652508 0.00721198 -2.85748e-24 0.198119 -3.82946e-19 -1.85364e-18 -4.96199e-23 1.1953e-18 -6.55234e-20 -6.22147e-19 -1.22084e-18 -3.0665e-19 3.22639e-19 2.41825e-19 -4.05435e-19 1.30274e-19 -1.69055e-19 7.64929e-24 7.93008e-19 -9.83742e-21 0.142161 -1.21152e-19 -6.05435e-24 -1.40686e-24 -1.37555e-27 -3.95416e-32 -8.66683e-19 5.50478e-20 -1.86859e-19 
0.0357 360.511 382.948 0.905583 0.86 2620 3.28358 1.15014 824.15 986.375 683 0.55 0.9 243328 0.6 -202268 -5.37533e+06 0.652508 0.00721198 -4.20602e-24 0.198119 -2.46351e-19 -2.00752e-18 -4.87977e-23 1.19886e-18 -7.69454e-19 -6.21948e-19 -1.22084e-18 -3.06641e-19 3.2242e-19 2.41825e-19 -4.05435e-19 1.30274e-19 -1.69055e-19 1.46127e-24 7.93008e-19 -9.83742e-21 0.142161 -1.21154e-19 -8.83961e-25 -1.406e-24 -3.67504e-28 -9.61605e-32 -8.01184e-19 5.50496e-20 -1.86859e-19 
0.03825 386.304 418.885 0.970372 0.86 2620 3.15834 1.15014 874.775 986.375 683 0.55 0.9 252956 0.6 -377318 -7.8339e+06 0.652508 0.00721198 -6.56921e-24 0.198119 -1.21901e-19 -2.14785e-18 -4.28903e-23 1.20123e-18 -1.60071e-18 -6.21289e-19 -1.22084e-18 -3.06639e-19 3.21736e-19 2.41825e-19 -4.05435e-19 1.30274e-19 -1.69055e-19 1.83319e-25 7.93008e-19 -9.83742e-21 0.142161 -1.21155e-19 -8.77207e-26 -1.40365e-24 -8.63132e-29 -2.86381e-31 -6.48488e-19 5.50513e-20 -1.86859e-19 
0.039525 402.781 443.614 1.01176 0.86 2620 3.08412 1.15014 905.465 986.375 683 0.55 0.9 259041 0.6 -549360 -9.83293e+06 0.652508 0.00721198 -8.03836e-24 0.198119 -7.06903e-20 -2.20568e-18 -3.45963e-23 1.20217e-18 -2.03129e-18 -6.20658e-19 -1.22084e-18 -3.06639e-19 3.21082e-19 2.41825e-19 -4.05435e-19 1.30274e-19 -1.69055e-19 3.28009e-26 7.93008e-19 -9.83742e-21 0.142161 -1.21156e-19 -1.28239e-26 -1.40159e-24 -3.1294e-29 -5.03523e-31 -5.4252e-19 5.50522e-20 -1.86859e-19 
0.0401625 412.174 458.22 1.03536 0.86 2620 3.04374 1.15014 922.169 986.375 683 0.55 0.9 262488 0.6 -701403 -1.12473e+07 0.652508 0.00721198 -8.757e-24 0.198119 -4.9215e-20 -2.22996e-18 -2.87393e-23 1.20259e-18 -2.24526e-18 -6.20212e-19 -1.22084e-18 -3.06639e-19 3.20621e-19 2.41825e-19 -4.05435e-19 1.30274e-19 -1.69055e-19 8.91375e-27 7.93008e-19 -9.83742e-21 0.142161 -1.21156e-19 -2.96403e-27 -1.40019e-24 -1.62467e-29 -6.64668e-31 -4.81819e-19 5.50526e-20 -1.86859e-19 
0.0404812 417.21 466.183 1.04801 0.86 2620 3.01531 1.15014 930.863 986.375 683 0.55 0.9 264330 0.6 -812602 -1.22681e+07 0.652508 0.00721198 -9.08662e-24 0.198119 -3.97191e-20 -2.24072e-18 -2.54172e-23 1.20279e-18 -2.35102e-18 -6.19944e-19 -1.22084e-18 -3.06639e-19 3.20343e-19 2.41825e-19 -4.05435e-19 1.30274e-19 -1.69055e-19 3.60451e-27 7.93008e-19 -9.83742e-21 0.142161 -1.21157e-19 -1.07348e-27 -1.39937e-24 -1.09646e-29 -7.61468e-31 -4.49553e-19 5.50528e-20 -1.86859e-19 
0.0408 422.592 474.634 1.06153 0.86 2620 2.98753 1.15014 939.786 986.375 683 0.55 0.9 266295 0.6 -952365 -1.30511e+07 0.652508 0.00721198 -9.41144e-24 0.198119 -3.14072e-20 -2.25014e-18 -2.21259e-23 1.20297e-18 -2.45507e-18 -6.19621e-19 -1.22084e-18 -3.06639e-19 3.20009e-19 2.41825e-19 -4.05435e-19 1.30274e-19 -1.69055e-19 1.3294e-27 7.93008e-19 -9.83742e-21 0.142161 -1.21157e-19 -3.66404e-28 -1.39841e-24 -7.13219e-30 -8.74343e-31 -4.1572e-19 5.50531e-20 -1.86859e-19 
0.0410857 427.717 482.657 1.0744 0.86 2620 2.96039 1.15014 947.978 986.375 683 0.55 0.9 268161 0.6 -1.10805e+06 -1.46362e+07 0.652508 0.00721198 -9.68745e-24 0.198119 -2.49199e-20 -2.25746e-18 -1.92065e-23 1.20313e-18 -2.5465e-18 -6.19276e-19 -1.22084e-18 -3.06639e-19 3.19652e-19 2.41825e-19 -4.05435e-19 1.30274e-19 -1.69055e-19 4.55674e-28 7.93008e-19 -9.83741e-21 0.142161 -1.21157e-19 -1.271e-28 -1.39741e-24 -4.54116e-30 -9.90368e-31 -3.8433e-19 5.50534e-20 -1.86859e-19 
0.0413714 433.173 491.158 1.08811 0.86 2620 2.91749 1.15014 956.373 986.375 683 0.55 0.9 270143 0.6 -1.29659e+06 -1.52436e+07 0.652508 0.00721198 -9.9492e-24 0.198119 -1.93722e-20 -2.26344e-18 -1.64016e-23 1.20328e-18 -2.63556e-18 -6.18859e-19 -1.22084e-18 -3.06639e-19 3.19221e-19 2.41825e-19 -4.05435e-19 1.30274e-19 -1.69055e-19 1.06999e-28 7.93008e-19 -9.8374e-21 0.142161 -1.21157e-19 -4.08773e-29 -1.39624e-24 -2.54904e-30 -1.12338e-30 -3.52142e-19 5.50551e-20 -1.86859e-19 
0.0419429 445.394 509.688 1.1188 0.86 2620 2.85816 1.15014 973.716 986.375 683 0.55 0.9 274566 0.6 -1.7463e+06 -1.63604e+07 0.652508 0.00721198 -1.04884e-23 0.198119 -1.12894e-20 -2.26496e-18 -1.17333e-23 1.20358e-18 -2.80085e-18 -6.17646e-19 -1.22084e-18 -3.06639e-19 3.17972e-19 2.41825e-19 -4.05435e-19 1.30274e-19 -1.69055e-19 -2.12456e-29 7.93008e-19 -9.83709e-21 0.142161 -1.21157e-19 -6.57166e-30 -1.39298e-24 5.04686e-31 -1.4673e-30 -2.86673e-19 5.50955e-20 -1.86859e-19 
0.0425143 459.146 530.472 1.15335 0.86 2620 2.79551 1.15014 991.726 986.375 683 0.55 0.9 279516 0.6 -2.35276e+06 -1.8123e+07 0.652508 0.00721198 -1.08366e-23 0.198119 -5.93489e-21 -2.1555e-18 -7.68219e-24 1.20447e-18 -2.91248e-18 -6.15747e-19 -1.22084e-18 -3.06637e-19 3.16111e-19 2.41825e-19 -4.05435e-19 1.30274e-19 -1.69047e-19 -2.35697e-29 7.93008e-19 -9.83188e-21 0.142161 -1.21155e-19 -8.90478e-31 -1.38835e-24 1.64097e-29 -1.90337e-30 -2.22746e-19 5.57758e-20 -1.86859e-19 
0.0430857 474.651 553.838 1.1923 0.86 2620 2.72951 1.15014 1010.34 986.375 683 0.55 0.9 285065 0.6 -3.173e+06 -2.00412e+07 0.652508 0.00721198 -1.08229e-23 0.198119 -2.75518e-21 -4.67726e-19 -4.50641e-24 1.21556e-18 -2.37805e-18 -6.11392e-19 -1.22084e-18 -3.06598e-19 3.13309e-19 2.41825e-19 -4.05435e-19 1.30274e-19 -1.68918e-19 -1.16245e-29 7.93018e-19 -9.74543e-21 0.142161 -1.21119e-19 -1.00625e-31 -1.38161e-24 4.09047e-28 -2.41957e-30 -1.62616e-19 6.7048e-20 -1.86859e-19 
0.0436571 492.173 580.167 1.23631 0.86 2620 2.66018 1.15014 1029.51 986.375 683 0.55 0.9 291294 0.6 -4.28225e+06 -2.21123e+07 0.652508 0.00721198 -9.24335e-24 0.198119 -1.10194e-21 2.35295e-17 -2.3112e-24 1.39055e-18 8.13281e-18 -5.80947e-19 -1.22082e-18 -3.05892e-19 3.09409e-19 2.41825e-19 -4.05433e-19 1.30274e-19 -1.66804e-19 -3.9289e-30 7.93177e-19 -8.34881e-21 0.142161 -1.20355e-19 -9.38863e-33 -1.37035e-24 1.13401e-26 -2.68279e-30 -9.86899e-20 2.49176e-19 -1.86855e-19 
0.0442286 512.02 609.897 1.28617 0.86 2620 2.58761 1.15014 1049.15 986.375 683 0.55 0.9 298301 0.6 -5.77854e+06 -2.43254e+07 0.652508 0.00721198 1.49098e-23 0.198119 -3.38251e-22 3.52817e-16 -8.98895e-25 4.12053e-18 1.72591e-16 -1.61089e-19 -1.2205e-18 -2.93198e-19 3.09912e-19 2.41828e-19 -4.05405e-19 1.30274e-19 -1.33013e-19 3.76575e-30 7.95692e-19 1.35952e-20 0.142161 -1.04754e-19 -4.55784e-34 -1.32677e-24 3.2631e-25 5.2315e-30 1.06128e-19 3.11087e-18 -1.86779e-19 
0.0448 534.558 643.53 1.34278 0.86 2620 2.51194 1.15014 1069.25 986.375 683 0.55 0.9 306194 0.6 -7.78713e+06 -2.66604e+07 0.652508 0.00721198 5.21019e-22 0.198119 7.46708e-22 4.71049e-15 3.70077e-24 4.5485e-17 2.64716e-15 6.16969e-18 -1.21437e-18 -7.23314e-20 4.11334e-19 2.41872e-19 -4.04907e-19 1.30275e-19 3.91282e-19 -7.98032e-27 8.34281e-19 3.48131e-19 0.142161 2.03642e-19 3.67461e-32 -7.45817e-25 9.71057e-24 2.51177e-28 2.46771e-18 4.67374e-17 -1.8541e-19 
0.0453714 560.213 681.641 1.40722 0.86 2620 2.43339 1.15014 1089.82 986.375 683 0.55 0.9 315101 0.6 -1.04634e+07 -2.90889e+07 0.652508 0.00721198 1.30272e-20 0.198119 2.3749e-20 6.01787e-14 1.55616e-22 6.52131e-16 3.86739e-14 9.97595e-17 -1.10056e-18 3.64115e-18 2.07089e-18 2.42618e-19 -3.96515e-19 1.30296e-19 8.27283e-18 -1.02893e-27 1.40729e-18 5.28456e-18 0.142161 6.09173e-18 6.12571e-30 9.72718e-24 2.98864e-22 8.47243e-27 3.89975e-17 6.90488e-16 -1.6165e-19 
0.0459429 589.484 724.886 1.48075 0.86 2620 2.35225 1.15014 1110.93 986.375 683 0.55 0.9 325163 0.6 -1.39912e+07 -3.15808e+07 0.652508 0.00721198 3.68648e-19 0.198119 7.56209e-19 7.37383e-13 6.85813e-21 9.23883e-15 5.44907e-13 1.43732e-15 9.33501e-19 6.38144e-17 2.65676e-17 2.54746e-19 -2.60034e-19 1.30674e-19 1.22776e-16 2.55264e-26 9.62214e-18 7.56157e-17 0.142161 1.1438e-16 1.2195e-27 1.98667e-22 9.50711e-21 3.25555e-25 6.68362e-16 9.86192e-15 2.35714e-19 
0.0465143 622.952 774.007 1.56482 0.86 2620 2.26888 1.15014 1132.7 986.375 683 0.55 0.9 336540 0.6 -1.85717e+07 -3.4123e+07 0.652508 0.00721198 1.20946e-17 0.198119 2.75254e-17 8.64472e-12 3.50965e-19 1.26132e-13 7.38756e-12 1.9843e-14 3.58486e-17 1.00102e-15 3.79596e-16 4.44327e-19 1.87315e-18 1.37164e-19 1.72627e-15 4.08331e-24 1.23029e-16 1.04068e-15 0.142161 2.02762e-15 7.52527e-29 3.51582e-21 3.12534e-19 1.45729e-23 1.26829e-14 1.35691e-13 6.62265e-18 
0.0470857 661.294 829.844 1.66113 0.86 2620 2.18369 1.15014 1155.19 986.375 683 0.55 0.9 349407 0.6 -2.43909e+07 -3.67613e+07 0.652508 0.00721197 4.61695e-16 0.198119 1.13672e-15 9.66907e-11 2.0756e-17 1.64907e-12 9.5953e-11 2.62892e-13 6.09886e-16 1.49933e-14 5.43605e-15 3.28486e-18 3.38264e-17 2.43801e-19 2.33136e-14 6.63986e-22 1.62648e-15 1.37639e-14 0.142161 3.44113e-14 2.00989e-26 6.03265e-20 1.0622e-17 7.60789e-22 2.68121e-13 1.79376e-12 1.05017e-16 
0.0476571 705.292 893.356 1.77165 0.86 2620 2.09712 1.15014 1178.02 986.375 683 0.55 0.9 363956 0.6 -3.15475e+07 -3.96629e+07 0.652508 0.00721195 1.97117e-14 0.198119 5.12368e-14 1.02876e-09 1.36306e-15 2.04732e-11 1.18464e-09 3.33063e-12 9.62414e-15 2.14679e-13 7.87233e-14 4.39681e-17 4.91048e-16 1.91507e-18 3.01943e-13 1.1422e-19 2.0711e-14 1.74611e-13 0.142161 5.5806e-13 6.8109e-24 1.01835e-18 3.74109e-16 4.44007e-20 6.29105e-12 2.27226e-11 1.55387e-15 
0.0482286 755.841 965.666 1.89862 0.86 2620 2.00981 1.15014 1199.64 986.375 683 0.55 0.9 380382 0.6 -3.99003e+07 -4.04356e+07 0.652508 0.00721186 8.37794e-13 0.198119 2.30194e-12 1.0374e-08 8.96668e-14 2.37015e-10 1.36448e-08 4.0135e-11 1.44451e-13 2.93055e-12 1.18221e-12 5.99394e-16 6.71282e-15 2.68465e-17 3.74041e-12 2.01899e-17 2.5183e-13 2.12125e-12 0.142161 8.6248e-12 2.63653e-21 1.71894e-17 1.37379e-14 2.57069e-18 1.58626e-10 2.75123e-10 2.18903e-14 
0.0488 813.712 1047.69 2.04399 0.86 2620 1.94522 1.15014 1218.52 986.375 683 0.55 0.9 398806 0.6 -4.88881e+07 -4.45777e+07 0.652508 0.00721151 2.97353e-11 0.198119 8.83764e-11 9.82421e-08 4.99644e-12 2.44084e-09 1.39463e-07 4.55621e-10 2.06046e-12 3.79617e-11 1.91188e-11 7.80681e-15 8.65213e-14 3.81022e-16 4.42127e-11 3.33689e-15 2.90337e-12 2.4504e-11 0.142161 1.26695e-10 1.03878e-18 2.97409e-16 5.32103e-13 1.23341e-16 3.92418e-09 3.17547e-09 2.93485e-13 
0.0490857 845.003 1092.86 2.12257 0.86 2620 1.90139 1.15014 1228.25 986.375 683 0.55 0.9 408593 0.6 -5.36463e+07 -4.85695e+07 0.652508 0.00721095 2.97754e-10 0.198118 9.3393e-10 3.96118e-07 6.34532e-11 9.21624e-09 5.32421e-07 2.17634e-09 1.23199e-11 2.05208e-10 1.48939e-10 4.29755e-14 4.61487e-13 2.3149e-15 2.25206e-10 1.47335e-13 1.40819e-11 1.16168e-10 0.142161 7.73587e-10 1.15254e-16 2.32309e-15 8.85903e-12 1.42683e-15 3.37875e-08 1.56764e-08 1.67345e-12 
0.0493714 878.556 1141.17 2.20683 0.86 2620 1.86877 1.15014 1238.09 986.375 683 0.55 0.9 418947 0.6 -5.81684e+07 -4.98466e+07 0.652509 0.0072096 2.12799e-09 0.198116 7.07333e-09 1.72216e-06 5.88915e-10 3.78891e-08 2.03862e-06 1.18259e-08 8.68916e-11 1.26847e-09 1.25418e-09 2.75542e-13 2.86157e-12 1.6672e-14 1.33668e-09 4.00471e-12 7.74464e-11 6.07524e-10 0.142161 5.44656e-09 7.0026e-15 2.00272e-14 1.16417e-10 1.17858e-14 2.24294e-07 8.70045e-08 1.12975e-11 
0.0495143 896.029 1166.56 2.25069 0.86 2620 1.85238 1.15014 1243.04 986.375 683 0.55 0.9 424277 0.6 -6.03108e+07 -5.46792e+07 0.652509 0.00720825 6.04074e-09 0.198113 2.05423e-08 3.77072e-06 1.92175e-09 7.46607e-08 3.77994e-06 3.16821e-08 2.96191e-10 3.61864e-09 4.6525e-09 8.52065e-13 8.61348e-12 5.78938e-14 4.00578e-09 2.4755e-11 2.02384e-10 1.46356e-09 0.142161 1.6855e-08 8.67122e-14 7.6903e-14 5.83017e-10 3.60971e-14 6.06872e-07 2.22429e-07 3.64693e-11 
0.0495857 904.979 1179.59 2.27314 0.86 2620 1.8414 1.15014 1245.52 986.375 683 0.55 0.9 426990 0.6 -6.13341e+07 -6.08612e+07 0.652509 0.00720725 1.02535e-08 0.19811 3.51856e-08 5.82546e-06 3.51432e-09 1.0729e-07 5.14531e-06 5.67642e-08 6.39486e-10 6.70991e-09 9.84065e-09 1.70062e-12 1.69708e-11 1.25218e-13 7.83588e-09 6.46439e-11 3.54025e-10 2.39336e-09 0.142161 3.27337e-08 3.32695e-13 1.72609e-13 1.37519e-09 6.39876e-14 1.00989e-06 3.76222e-07 7.40506e-11 
0.0496571 914.112 1192.87 2.29605 0.86 2620 1.8304 1.15014 1248.01 986.375 683 0.55 0.9 429746 0.6 -6.22949e+07 -6.26646e+07 0.652509 0.00720593 1.71451e-08 0.198106 5.95786e-08 9.29272e-06 6.38327e-09 1.58503e-07 7.02753e-06 1.07627e-07 1.49967e-09 1.31958e-08 2.15005e-08 3.64671e-12 3.60436e-11 2.91865e-13 1.6367e-08 1.69059e-10 6.52564e-10 4.07033e-09 0.14216 6.77712e-08 1.20517e-12 4.11159e-13 3.16448e-09 1.12854e-13 1.67904e-06 6.60879e-07 1.60993e-10 
0.0497286 923.439 1206.41 2.31944 0.86 2620 1.81938 1.15014 1250.51 986.375 683 0.55 0.9 432547 0.6 -6.31773e+07 -6.4621e+07 0.652509 0.0072042 2.81261e-08 0.1981 9.88281e-08 1.50407e-05 1.14264e-08 2.36991e-07 9.48287e-06 2.08862e-07 3.63525e-09 2.63888e-08 4.67532e-08 8.04278e-12 7.9062e-11 6.95981e-13 3.51244e-08 4.31134e-10 1.22522e-09 6.98882e-09 0.142158 1.42612e-07 4.14276e-12 9.87106e-13 7.05006e-09 1.99079e-13 2.7522e-06 1.16696e-06 3.57902e-10 
0.0498 932.971 1220.2 2.34334 0.86 2620 1.80833 1.15014 1253.01 986.375 683 0.55 0.9 435395 0.6 -6.39635e+07 -6.67493e+07 0.652509 0.00720198 4.50821e-08 0.19809 1.59843e-07 2.43834e-05 2.00259e-08 3.53191e-07 1.24811e-05 4.05882e-07 8.87433e-09 5.21693e-08 9.91589e-08 1.77707e-11 1.74379e-10 1.64864e-12 7.56372e-08 1.05742e-09 2.28544e-09 1.18385e-08 0.142155 2.96508e-07 1.33887e-11 2.32309e-12 1.51043e-08 3.55454e-13 4.41929e-06 2.02258e-06 7.91582e-10 
0.0498714 942.725 1234.27 2.36778 0.86 2620 1.79727 1.15014 1255.52 986.375 683 0.55 0.9 438294 0.6 -6.46334e+07 -6.90699e+07 0.652508 0.00719916 7.04351e-08 0.198075 2.51391e-07 3.92529e-05 3.41687e-08 5.17836e-07 1.58697e-05 7.79506e-07 2.15305e-08 1.00157e-07 2.02631e-07 3.87376e-11 3.80417e-10 3.81076e-12 1.61066e-07 2.47503e-09 4.16443e-09 1.94626e-08 0.14215 5.99783e-07 4.03862e-11 5.27117e-12 3.0948e-08 6.55564e-13 6.92939e-06 3.38522e-06 1.71421e-09 
0.0499429 952.721 1248.63 2.39282 0.86 2620 1.78617 1.15014 1258.03 986.375 683 0.55 0.9 441247 0.6 -6.51645e+07 -7.16042e+07 0.652507 0.00719562 1.07147e-07 0.198053 3.83926e-07 6.24169e-05 5.64911e-08 7.39485e-07 1.93721e-05 1.4676e-06 5.15146e-08 1.84604e-07 3.95684e-07 8.24891e-11 8.11486e-10 8.48441e-12 3.35719e-07 5.50397e-09 7.33264e-09 3.07107e-08 0.142141 1.1704e-06 1.13135e-10 1.13967e-11 6.03909e-08 1.27689e-12 1.05932e-05 5.41173e-06 3.59889e-09 
0.0500143 962.986 1263.27 2.41852 0.86 2620 1.77505 1.15014 1260.56 986.375 683 0.55 0.9 444262 0.6 -6.55315e+07 -7.43747e+07 0.652506 0.00719128 1.58656e-07 0.198022 5.69146e-07 9.7771e-05 9.02022e-08 1.02161e-06 2.26402e-05 2.69433e-06 1.2088e-07 3.24233e-07 7.34121e-07 1.70331e-10 1.67727e-09 1.80033e-11 6.79414e-07 1.16014e-08 1.23994e-08 4.61759e-08 0.142127 2.1923e-06 2.93446e-10 2.3264e-11 1.11921e-07 2.65332e-12 1.57783e-05 8.20489e-06 7.27783e-09 
0.0500857 973.555 1278.23 2.44498 0.86 2620 1.7639 1.15014 1263.08 986.375 683 0.55 0.9 447348 0.6 -6.5706e+07 -7.74042e+07 0.652505 0.00718605 2.28755e-07 0.197978 8.19339e-07 0.000150774 1.38917e-07 1.36045e-06 2.53536e-05 4.80512e-06 2.76948e-07 5.40309e-07 1.28944e-06 3.38957e-10 3.33446e-09 3.60956e-11 1.32612e-06 2.31632e-08 2.0092e-08 6.58849e-08 0.142106 3.92993e-06 7.04037e-10 4.45175e-11 1.9676e-07 5.81036e-12 2.28954e-05 1.17513e-05 1.41171e-08 
0.0501571 984.477 1293.5 2.47232 0.86 2620 1.75271 1.15014 1265.62 986.375 683 0.55 0.9 450518 0.6 -6.56559e+07 -8.07151e+07 0.652503 0.00717993 3.21459e-07 0.197915 1.14679e-06 0.000229171 2.0654e-07 1.74468e-06 2.73212e-05 8.30303e-06 6.17451e-07 8.53006e-07 2.14107e-06 6.46573e-10 6.3421e-09 6.79512e-11 2.4835e-06 4.38494e-08 3.12372e-08 8.90926e-08 0.142072 6.73056e-06 1.56432e-09 7.94668e-11 3.28317e-07 1.30263e-11 3.23795e-05 1.58814e-05 2.62023e-08 
0.0502286 995.822 1309.1 2.50073 0.86 2620 1.74148 1.15014 1268.16 986.375 683 0.55 0.9 453792 0.6 -6.53452e+07 -8.43267e+07 0.652502 0.00717299 4.40989e-07 0.197827 1.56373e-06 0.000344251 2.97394e-07 2.15703e-06 2.85309e-05 1.38818e-05 1.33702e-06 1.27747e-06 3.36389e-06 1.17705e-09 1.15087e-08 1.19675e-10 4.44737e-06 7.89236e-08 4.67834e-08 1.14351e-07 0.14202 1.10062e-05 3.23106e-09 1.32013e-10 5.21324e-07 2.89999e-11 4.46785e-05 2.02833e-05 4.64947e-08 
0.0503 1007.69 1325.05 2.53048 0.86 2620 1.73022 1.15014 1270.7 986.375 683 0.55 0.9 457199 0.6 -6.47333e+07 -8.82515e+07 0.652503 0.00716542 5.92081e-07 0.197702 2.08346e-06 0.000513065 4.16789e-07 2.57708e-06 2.91208e-05 2.24588e-05 2.81183e-06 1.82181e-06 5.01746e-06 2.03876e-09 1.99261e-08 1.9699e-10 7.60572e-06 1.35694e-07 6.78933e-08 1.39895e-07 0.141939 1.71926e-05 6.24494e-09 2.04163e-10 7.91472e-07 6.27397e-11 6.02714e-05 2.45747e-05 7.89234e-08 
0.0503714 1020.24 1341.36 2.56198 0.86 2620 1.7189 1.15014 1273.26 986.375 683 0.55 0.9 460788 0.6 -6.37744e+07 -9.24875e+07 0.652507 0.0071576 7.8091e-07 0.197525 2.72364e-06 0.000762274 5.72241e-07 2.98372e-06 2.92983e-05 3.52286e-05 5.75445e-06 2.48852e-06 7.14622e-06 3.35571e-09 3.30027e-08 3.03416e-10 1.24336e-05 2.24335e-07 9.61199e-08 1.64209e-07 0.141813 2.56915e-05 1.14055e-08 2.94849e-10 1.15689e-06 1.30547e-10 7.97491e-05 2.84045e-05 1.28428e-07 
0.0504429 1033.72 1358.06 2.5959 0.86 2620 1.70754 1.15014 1275.82 986.375 683 0.55 0.9 464631 0.6 -6.24171e+07 -9.70029e+07 0.652521 0.00715015 1.01702e-06 0.197269 3.5127e-06 0.00113472 7.75782e-07 3.35676e-06 2.92628e-05 5.37875e-05 1.15025e-05 3.27879e-06 9.79854e-06 5.25146e-09 5.25276e-08 4.38458e-10 1.94925e-05 3.5962e-07 1.33674e-07 1.86506e-07 0.141614 3.68105e-05 1.99418e-08 3.99793e-10 1.64292e-06 2.61096e-10 0.000103989 3.15356e-05 2.01042e-07 
0.0505143 1048.53 1375.16 2.63332 0.86 2620 1.69612 1.15014 1278.38 986.375 683 0.55 0.9 468846 0.6 -6.06036e+07 -1.01712e+08 0.652553 0.00714405 1.3168e-06 0.196892 4.50119e-06 0.00170039 1.0484e-06 3.67763e-06 2.91671e-05 8.04111e-05 2.25632e-05 4.19749e-06 1.30672e-05 7.82769e-09 8.07988e-08 5.96237e-10 2.94594e-05 5.64453e-07 1.83809e-07 2.07e-07 0.141298 5.07049e-05 3.39265e-08 5.1255e-10 2.29216e-06 5.05421e-10 0.000134469 3.38787e-05 3.04195e-07 
0.0505857 1065.32 1392.68 2.67599 0.86 2620 1.68464 1.15014 1280.96 986.375 683 0.55 0.9 473623 0.6 -5.82691e+07 -1.06431e+08 0.652622 0.0071407 1.70957e-06 0.196322 5.78172e-06 0.00257423 1.42894e-06 3.92947e-06 2.91204e-05 0.000118609 4.36332e-05 5.25595e-06 1.71517e-05 1.11363e-08 1.20817e-07 7.64456e-10 4.32191e-05 8.76524e-07 2.51339e-07 2.2705e-07 0.140789 6.73033e-05 5.72542e-08 6.25998e-10 3.18315e-06 9.58977e-10 0.000173778 3.5476e-05 4.47424e-07 
0.0506571 1085.18 1410.64 2.72678 0.86 2620 1.67309 1.15014 1283.54 986.375 683 0.55 0.9 479265 0.6 -5.53415e+07 -1.10798e+08 0.652767 0.00714217 2.24826e-06 0.195435 7.52438e-06 0.0039437 1.99257e-06 4.0973e-06 2.92114e-05 0.000174128 8.34347e-05 6.46923e-06 2.24463e-05 1.51344e-08 1.7645e-07 9.22857e-10 6.2052e-05 1.35982e-06 3.4324e-07 2.49431e-07 0.139962 8.61519e-05 9.79296e-08 7.33051e-10 4.46566e-06 1.81351e-09 0.000226464 3.6454e-05 6.43628e-07 
0.0507286 1109.8 1429.06 2.79026 0.86 2620 1.66149 1.15014 1286.13 986.375 683 0.55 0.9 486248 0.6 -5.17414e+07 -1.08705e+08 0.653057 0.00715135 3.02834e-06 0.194023 1.00423e-05 0.00610834 2.89127e-06 4.16857e-06 2.95349e-05 0.000256627 0.000157749 7.84213e-06 2.96649e-05 1.96003e-08 2.52252e-07 1.04053e-09 8.7942e-05 2.12144e-06 4.68967e-07 2.79083e-07 0.138616 0.000106079 1.73524e-07 8.25542e-10 6.4305e-06 3.48265e-09 0.000300392 3.6969e-05 9.10675e-07 
0.0508 1141.84 1447.94 2.87352 0.86 2620 1.65278 1.15014 1288.72 986.375 683 0.55 0.9 495288 0.6 -4.73971e+07 -1.07979e+08 0.653623 0.00717211 4.22212e-06 0.191746 1.39132e-05 0.00952866 4.44638e-06 4.13435e-06 3.02137e-05 0.000382125 0.00029357 9.33463e-06 4.00051e-05 2.39953e-08 3.52099e-07 1.0751e-09 0.000123973 3.32559e-06 6.39502e-07 3.24533e-07 0.136437 0.000124651 3.24106e-07 8.91015e-10 9.64813e-06 6.9103e-09 0.00040881 3.71534e-05 1.27216e-06 
0.0508357 1162.13 1457.56 2.9266 0.86 2620 1.64694 1.15014 1290.02 986.375 683 0.55 0.9 500977 0.6 -4.48952e+07 -1.14305e+08 0.654095 0.00718885 5.10244e-06 0.19007 1.67761e-05 0.0119879 5.71678e-06 4.07522e-06 3.07597e-05 0.000471392 0.000401346 1.00819e-05 4.7103e-05 2.58159e-08 4.11299e-07 1.04726e-09 0.000147716 4.17523e-06 7.45739e-07 3.58068e-07 0.134844 0.000132008 4.61253e-07 9.06526e-10 1.2157e-05 1.00063e-08 0.000484732 3.71397e-05 1.49621e-06 
0.0508714 1186.53 1467.3 2.99069 0.86 2620 1.64108 1.15014 1291.32 986.375 683 0.55 0.9 507769 0.6 -4.21701e+07 -1.11878e+08 0.654783 0.00721093 6.24991e-06 0.187843 2.05483e-05 0.015162 7.54262e-06 3.98199e-06 3.14688e-05 0.000587733 0.000552185 1.08043e-05 5.60565e-05 2.71146e-08 4.76828e-07 9.77665e-10 0.000176943 5.24202e-06 8.68967e-07 4.04221e-07 0.132768 0.000136778 6.71447e-07 9.03348e-10 1.56101e-05 1.47826e-08 0.000581049 3.70557e-05 1.75524e-06 
0.0509071 1216.02 1477.16 3.06847 0.86 2620 1.63522 1.15014 1292.62 986.375 683 0.55 0.9 515902 0.6 -3.92114e+07 -1.07277e+08 0.65577 0.00723914 7.75921e-06 0.184898 2.55603e-05 0.0192269 1.02292e-05 3.85269e-06 3.23601e-05 0.000739413 0.000760031 1.1449e-05 6.72936e-05 2.76241e-08 5.46215e-07 8.65453e-10 0.000212855 6.53547e-06 1.00843e-06 4.68808e-07 0.130085 0.000137753 9.98457e-07 8.75505e-10 2.04284e-05 2.22497e-08 0.000703248 3.68918e-05 2.04729e-06 
0.0509429 1251.68 1487.14 3.16291 0.86 2620 1.62934 1.15014 1293.91 986.375 683 0.55 0.9 525620 0.6 -3.60096e+07 -9.97982e+07 0.657164 0.00727417 9.75168e-06 0.181039 3.22402e-05 0.0243758 1.42638e-05 3.68408e-06 3.3446e-05 0.000936181 0.00104016 1.1939e-05 8.12457e-05 2.70668e-08 6.14541e-07 7.182e-10 0.000256679 8.02775e-06 1.16056e-06 5.59554e-07 0.126658 0.000133756 1.51306e-06 8.16947e-10 2.7225e-05 3.40067e-08 0.000857579 3.66218e-05 2.36361e-06 
0.0509786 1294.58 1497.24 3.27701 0.86 2620 1.62347 1.15014 1295.21 986.375 683 0.55 0.9 537144 0.6 -3.25572e+07 -8.27245e+07 0.659091 0.00731639 1.23791e-05 0.176052 4.11002e-05 0.0308039 2.04196e-05 3.47088e-06 3.47178e-05 0.00118853 0.00140654 1.21824e-05 9.82316e-05 2.52396e-08 6.73948e-07 5.53253e-10 0.000309409 9.62993e-06 1.31794e-06 6.86041e-07 0.122346 0.000124026 2.32794e-06 7.23831e-10 3.68657e-05 5.25032e-08 0.00105029 3.62036e-05 2.68505e-06 
0.0510143 1345.65 1507.43 3.41347 0.86 2620 1.61907 1.15014 1296.5 986.375 683 0.55 0.9 550626 0.6 -2.88533e+07 -6.4946e+07 0.661691 0.00736566 1.58241e-05 0.169726 5.26854e-05 0.0386844 2.98961e-05 3.20567e-06 3.61263e-05 0.00150597 0.00186721 1.20907e-05 0.000118271 2.21393e-08 7.1429e-07 3.93629e-10 0.000371303 1.11796e-05 1.46867e-06 8.58232e-07 0.117018 0.000108689 3.61667e-06 5.98116e-10 5.05068e-05 8.12826e-08 0.00128615 3.55789e-05 2.98091e-06 
0.0510321 1374.53 1512.56 3.49096 0.86 2620 1.61614 1.15014 1297.14 986.375 683 0.55 0.9 558139 0.6 -2.68977e+07 -6.28162e+07 0.663313 0.00739291 1.79596e-05 0.165953 5.97607e-05 0.0432696 3.6527e-05 3.04894e-06 3.68494e-05 0.00169346 0.00213434 1.18918e-05 0.000129384 2.02031e-08 7.23821e-07 3.22524e-10 0.000405659 1.18638e-05 1.53649e-06 9.64333e-07 0.113903 9.93123e-05 4.54307e-06 5.26281e-10 5.94397e-05 1.01239e-07 0.00142226 3.51547e-05 3.10798e-06 
0.05105 1405.84 1517.72 3.57521 0.86 2620 1.61321 1.15014 1297.79 986.375 683 0.55 0.9 566192 0.6 -2.4878e+07 -5.12901e+07 0.665189 0.00742162 2.0396e-05 0.16173 6.77334e-05 0.0483046 4.48214e-05 2.87476e-06 3.75502e-05 0.0019015 0.0024256 1.15821e-05 0.000141075 1.80707e-08 7.244e-07 2.5925e-10 0.000441936 1.24428e-05 1.59581e-06 1.08519e-06 0.110471 8.90062e-05 5.71588e-06 4.50779e-10 7.00519e-05 1.25843e-07 0.00156996 3.4643e-05 3.2142e-06 
0.0510679 1439.57 1522.89 3.66624 0.86 2620 1.61029 1.15014 1298.43 986.375 683 0.55 0.9 574763 0.6 -2.27949e+07 -3.80671e+07 0.667339 0.00745148 2.31663e-05 0.157039 7.66177e-05 0.0537942 5.51845e-05 2.6832e-06 3.81912e-05 0.00212999 0.00273736 1.11647e-05 0.00015312 1.58397e-08 7.15551e-07 2.04645e-10 0.000479513 1.28825e-05 1.64403e-06 1.22068e-06 0.10672 7.81341e-05 7.19633e-06 3.74865e-10 8.25876e-05 1.55845e-07 0.00172816 3.40339e-05 3.29573e-06 
0.0510857 1475.67 1528.08 3.76398 0.86 2620 1.60737 1.15014 1299.07 986.375 683 0.55 0.9 583818 0.6 -2.06494e+07 -2.30701e+07 0.66978 0.00748211 2.63026e-05 0.151873 8.63957e-05 0.0597337 6.80949e-05 2.47553e-06 3.87277e-05 0.00237804 0.00306408 1.06465e-05 0.000165233 1.36175e-08 6.97556e-07 1.58945e-10 0.000517525 1.31543e-05 1.67863e-06 1.36953e-06 0.102651 6.71034e-05 9.05838e-06 3.02048e-10 9.72883e-05 1.91939e-07 0.00189509 3.33168e-05 3.35074e-06 
0.0511036 1514.02 1533.28 3.86814 0.86 2620 1.60446 1.15014 1299.7 986.375 683 0.55 0.9 593303 0.6 -1.8443e+07 -6.25834e+06 0.672524 0.00751306 2.98347e-05 0.146237 9.70048e-05 0.0661071 8.4109e-05 2.25461e-06 3.91083e-05 0.00264392 0.00339813 1.00392e-05 0.000177071 1.15087e-08 6.71556e-07 1.21761e-10 0.000554847 1.3238e-05 1.69748e-06 1.52914e-06 0.0982788 5.63282e-05 1.13894e-05 2.35573e-10 0.000114373 2.34651e-07 0.00206816 3.24825e-05 3.37997e-06 
0.0511214 1554.42 1538.49 3.97827 0.86 2620 1.60156 1.15014 1300.34 986.375 683 0.55 0.9 603153 0.6 -1.61777e+07 1.23572e+07 0.675577 0.00754378 3.37895e-05 0.140148 0.00010833 0.0728864 0.000103856 2.02502e-06 3.9278e-05 0.00292494 0.00372988 9.35893e-06 0.000188243 9.60078e-09 6.39492e-07 9.22494e-11 0.000590112 1.3125e-05 1.69895e-06 1.69542e-06 0.0936242 4.61902e-05 1.42904e-05 1.77903e-10 0.000134009 2.84214e-07 0.00224391 3.15241e-05 3.38684e-06 
0.0511393 1596.61 1543.72 4.09372 0.86 2620 1.59867 1.15014 1300.97 986.375 683 0.55 0.9 613283 0.6 -1.38561e+07 2.0984e+07 0.678938 0.00757367 3.81889e-05 0.133637 0.000120197 0.0800309 0.000128032 1.79293e-06 3.91824e-05 0.00321746 0.00404795 8.62507e-06 0.000198333 7.95326e-09 6.03866e-07 6.93193e-11 0.00062175 1.2819e-05 1.68214e-06 1.86287e-06 0.0887192 3.70005e-05 1.78748e-05 1.30338e-10 0.000156285 3.4041e-07 0.00241805 3.04379e-05 3.37691e-06 
0.0511571 1640.27 1548.94 4.21364 0.86 2620 1.59437 1.15014 1301.6 986.375 683 0.55 0.9 623600 0.6 -1.14786e+07 4.70829e+07 0.682594 0.00760211 4.3048e-05 0.126751 0.000132366 0.0874877 0.000157403 1.56543e-06 3.87726e-05 0.00351699 0.00433971 7.85956e-06 0.000206919 6.59169e-09 5.67358e-07 5.18002e-11 0.000648067 1.23365e-05 1.64699e-06 2.02489e-06 0.0836056 2.89722e-05 2.22677e-05 9.28855e-11 0.000181178 4.02405e-07 0.0025855 2.92248e-05 3.35704e-06 
0.0511929 1730.72 1559.39 4.46342 0.86 2620 1.58869 1.15014 1302.84 986.375 683 0.55 0.9 644452 0.6 -6.59449e+06 1.03254e+08 0.690619 0.00765199 5.40004e-05 0.112238 0.000156245 0.102926 0.000233793 1.15124e-06 3.69338e-05 0.0041133 0.00479966 6.32472e-06 0.000218273 4.71851e-09 4.99752e-07 2.8702e-11 0.000679278 1.09453e-05 1.52598e-06 2.30811e-06 0.0730529 1.6842e-05 3.37139e-05 4.4686e-11 0.000237506 5.36312e-07 0.00287909 2.64822e-05 3.31718e-06 
0.0512286 1821.7 1569.8 4.71671 0.86 2620 1.58311 1.15014 1304.06 986.375 683 0.55 0.9 664740 0.6 -1.54593e+06 1.55028e+08 0.699326 0.0076892 6.65968e-05 0.0972216 0.000177583 0.118649 0.000337694 8.18076e-07 3.37713e-05 0.00467188 0.00503794 4.89747e-06 0.000220799 3.6707e-09 4.48493e-07 1.60268e-11 0.000675121 9.22194e-06 1.35722e-06 2.48527e-06 0.0624051 9.17064e-06 4.93002e-05 2.04988e-11 0.000299402 6.66801e-07 0.00308371 2.33637e-05 3.25101e-06 
0.0512643 1909.47 1580.12 4.9631 0.86 2620 1.57764 1.15014 1305.25 986.375 683 0.55 0.9 683677 0.6 3.62588e+06 2.07353e+08 0.708321 0.00771081 8.04617e-05 0.0823747 0.000193854 0.134015 0.000470534 5.71488e-07 2.95789e-05 0.00515229 0.00501504 3.6691e-06 0.000214484 3.12726e-09 4.13156e-07 9.13568e-12 0.000633555 7.40258e-06 1.16326e-06 2.51575e-06 0.0521483 4.81475e-06 6.8962e-05 9.32092e-12 0.000360375 7.67002e-07 0.00316722 1.99768e-05 3.1139e-06 
0.0513 1990.6 1590.31 5.19269 0.86 2620 1.57231 1.15014 1306.42 986.375 683 0.55 0.9 700634 0.6 8.87511e+06 2.57145e+08 0.717166 0.00771615 9.49878e-05 0.0683411 0.000203135 0.148426 0.000628886 3.97874e-07 2.48776e-05 0.00552378 0.0047431 2.68205e-06 0.000200901 2.83531e-09 3.87569e-07 5.35936e-12 0.000561065 5.6802e-06 9.65739e-07 2.39109e-06 0.0427135 2.5129e-06 9.15326e-05 4.30874e-12 0.000412302 8.13116e-07 0.0031173 1.64918e-05 2.85776e-06 
0.0513357 2062.46 1600.32 5.39758 0.86 2620 1.56713 1.15014 1307.55 986.375 683 0.55 0.9 715218 0.6 1.41539e+07 3.01656e+08 0.72546 0.00770698 0.000109412 0.0556303 0.000204626 0.161419 0.000803965 2.79056e-07 2.02164e-05 0.00577113 0.00428078 1.93503e-06 0.000182498 2.64331e-09 3.652e-07 3.25728e-12 0.000470244 4.1831e-06 7.80688e-07 2.13857e-06 0.0344056 1.33593e-06 0.000114701 2.06079e-12 0.000447791 7.95315e-07 0.00294534 1.31239e-05 2.47948e-06 
0.0513714 2123.51 1610.12 5.57288 0.86 2620 1.56212 1.15014 1308.64 986.375 683 0.55 0.9 727284 0.6 1.94151e+07 3.38933e+08 0.732904 0.007687 0.000122952 0.0445555 0.000198811 0.172717 0.000983149 1.99027e-07 1.60027e-05 0.00589618 0.00371115 1.39643e-06 0.000161758 2.47367e-09 3.41659e-07 2.06348e-12 0.000375123 2.97269e-06 6.17637e-07 1.8101e-06 0.02737 7.33461e-07 0.000135513 1.03321e-12 0.000462512 7.21844e-07 0.00268185 1.00823e-05 2.02716e-06 
0.0514071 2173.35 1619.67 5.71691 0.86 2620 1.55728 1.15014 1309.69 986.375 683 0.55 0.9 736905 0.6 2.46149e+07 3.68012e+08 0.739337 0.0076608 0.000134955 0.0352261 0.000187222 0.182239 0.001153 1.45457e-07 1.24397e-05 0.00591473 0.00311517 1.02083e-06 0.000140654 2.29356e-09 3.15076e-07 1.36897e-12 0.000286948 2.05265e-06 4.80761e-07 1.46227e-06 0.0216029 4.17432e-07 0.000151248 5.47988e-13 0.00045628 6.13637e-07 0.00236603 7.51241e-06 1.56899e-06 
0.0514429 2212.48 1628.96 5.83071 0.86 2620 1.55263 1.15014 1310.7 986.375 683 0.55 0.9 744303 0.6 2.97143e+07 3.8885e+08 0.744726 0.00763277 0.000144995 0.0275841 0.000171913 0.190059 0.00130236 1.09481e-07 9.5611e-06 0.0058506 0.00255333 7.63094e-07 0.000120494 2.09548e-09 2.85552e-07 9.53007e-13 0.000212228 1.38772e-06 3.70299e-07 1.13905e-06 0.016994 2.45684e-07 0.000160203 3.08867e-13 0.00043249 4.94232e-07 0.002035 5.46704e-06 1.16001e-06 
0.0514786 2242 1637.95 5.91719 0.86 2620 1.54817 1.15014 1311.67 986.375 683 0.55 0.9 749778 0.6 3.46799e+07 4.02079e+08 0.749135 0.00760631 0.000152903 0.0214612 0.000154917 0.196355 0.00142425 8.50517e-08 7.30291e-06 0.00572936 0.00206002 5.86198e-07 0.000102027 1.88494e-09 2.54345e-07 6.95249e-13 0.000153016 9.25453e-07 2.8388e-07 8.64721e-07 0.0133757 1.48858e-07 0.000162021 1.85012e-13 0.000396497 3.8179e-07 0.00171693 3.91735e-06 8.27902e-07 
0.0515143 2263.31 1646.63 5.98018 0.86 2620 1.5439 1.15014 1312.59 986.375 683 0.55 0.9 753654 0.6 3.94847e+07 4.08719e+08 0.752682 0.00758358 0.000158727 0.0166363 0.000137861 0.201351 0.00151618 6.81855e-08 5.56334e-06 0.00557392 0.00164748 4.63202e-07 8.56025e-05 1.67246e-09 2.23118e-07 5.29414e-13 0.000108364 6.12855e-07 2.17762e-07 6.46201e-07 0.0105662 9.24514e-08 0.000157518 1.17374e-13 0.000353908 2.86272e-07 0.00142908 2.7861e-06 5.76271e-07 
0.05155 2277.84 1655 6.02375 0.86 2620 1.53982 1.15014 1313.47 986.375 683 0.55 0.9 756236 0.6 4.41073e+07 4.09929e+08 0.755508 0.00756555 0.000162671 0.0128787 0.000121833 0.20528 0.00157928 5.63143e-08 4.23778e-06 0.00540235 0.00131347 3.75879e-07 7.13209e-05 1.46861e-09 1.93393e-07 4.18538e-13 7.58713e-05 4.05208e-07 1.67868e-07 4.79421e-07 0.0083955 5.86711e-08 0.000148204 7.84548e-14 0.00030943 2.10643e-07 0.0011792 1.98095e-06 3.94741e-07 
0.0515857 2286.91 1663.06 6.0517 0.86 2620 1.53592 1.15014 1314.31 986.375 683 0.55 0.9 757794 0.6 4.85316e+07 4.06835e+08 0.757747 0.00755234 0.000165021 0.00997461 0.000107419 0.208353 0.00161693 4.779e-08 3.2339e-06 0.00522752 0.0010484 3.12355e-07 5.91211e-05 1.28136e-09 1.66273e-07 3.41627e-13 5.27989e-05 2.6862e-07 1.30444e-07 3.55493e-07 0.00671895 3.79656e-08 0.000135796 5.49382e-14 0.00026641 1.53573e-07 0.000968372 1.41618e-06 2.68059e-07 
0.0516214 2291.7 1670.8 6.06734 0.86 2620 1.53221 1.15014 1315.11 986.375 683 0.55 0.9 758554 0.6 5.2746e+07 4.00444e+08 0.759518 0.00754354 0.000166085 0.00774005 9.48343e-05 0.210753 0.00163356 4.15491e-08 2.47586e-06 0.00505784 0.000840328 2.64992e-07 4.88472e-05 1.11536e-09 1.42369e-07 2.86464e-13 3.6673e-05 1.79084e-07 1.02369e-07 2.64736e-07 0.00541987 2.50156e-08 0.000121855 4.00868e-14 0.000226867 1.11858e-07 0.000793854 1.02224e-06 1.81487e-07 
0.0516571 2293.15 1678.22 6.07343 0.86 2620 1.52868 1.15014 1315.87 986.375 683 0.55 0.9 758698 0.6 5.67429e+07 3.91604e+08 0.760921 0.00753844 0.000166161 0.00602393 8.40539e-05 0.212629 0.00163376 3.68975e-08 1.90386e-06 0.00489829 0.000677717 2.28852e-07 4.02922e-05 9.72247e-10 1.21868e-07 2.45727e-13 2.55046e-05 1.20321e-07 8.1209e-08 1.98634e-07 0.0044076 1.67668e-08 0.000107607 3.03342e-14 0.000191776 8.19673e-08 0.000651113 7.47071e-07 1.23022e-07 
0.0516929 2292.05 1685.33 6.0722 0.86 2620 1.52531 1.15014 1316.59 986.375 683 0.55 0.9 758373 0.6 6.0518e+07 3.77028e+08 0.762036 0.00753628 0.00016551 0.00470617 7.49295e-05 0.2141 0.00162174 3.33749e-08 1.47182e-06 0.00475147 0.00055062 2.00695e-07 3.32312e-05 8.51484e-10 1.04655e-07 2.14886e-13 1.78011e-05 8.1569e-08 6.5136e-08 1.50437e-07 0.00361327 1.14213e-08 9.3912e-05 2.37076e-14 0.000161395 6.07805e-08 0.00053518 5.53559e-07 8.37417e-08 
0.0517286 2289.02 1692.15 6.06541 0.86 2620 1.52062 1.15014 1317.28 986.375 683 0.55 0.9 757693 0.6 6.4074e+07 3.67132e+08 0.762925 0.00753629 0.000164352 0.00369334 6.72631e-05 0.215258 0.00160107 3.06708e-08 1.14477e-06 0.00461841 0.000450994 1.78339e-07 2.74444e-05 7.51261e-10 9.0442e-08 1.91038e-13 1.24797e-05 5.57586e-08 5.28059e-08 1.15049e-07 0.00298521 7.89121e-09 8.1319e-05 1.90688e-14 0.000135569 4.58036e-08 0.000441375 4.15844e-07 5.73258e-08 
0.0518 2278.55 1704.89 6.03927 0.86 2620 1.51484 1.15014 1318.54 986.375 683 0.55 0.9 755527 0.6 7.04419e+07 3.43893e+08 0.764169 0.00754094 0.000161029 0.00236638 5.56792e-05 0.216852 0.00154256 2.70374e-08 7.23975e-07 0.00439384 0.00031513 1.46299e-07 1.90651e-05 6.04772e-10 6.98671e-08 1.58191e-13 6.45873e-06 2.78961e-08 3.63785e-08 7.09536e-08 0.00211158 4.08224e-09 6.04637e-05 1.34482e-14 9.66205e-05 2.82254e-08 0.000307873 2.50553e-07 2.83533e-08 
0.0518714 2265.12 1716.53 6.0046 0.86 2620 1.50961 1.15014 1319.68 986.375 683 0.55 0.9 752817 0.6 7.59443e+07 3.15093e+08 0.765013 0.00754829 0.000157268 0.00154291 4.72744e-05 0.217903 0.001476 2.46875e-08 4.69341e-07 0.00421323 0.00022562 1.23707e-07 1.33746e-05 5.06072e-10 5.61718e-08 1.35997e-13 3.40785e-06 1.43425e-08 2.58049e-08 4.51163e-08 0.00152429 2.19383e-09 4.45847e-05 1.01776e-14 6.91221e-05 1.89027e-08 0.000217799 1.57199e-07 1.43614e-08 
0.0519429 2250.19 1727.14 5.96557 0.86 2620 1.50288 1.15014 1320.7 986.375 683 0.55 0.9 749830 0.6 8.06342e+07 2.9019e+08 0.765599 0.00755629 0.000153538 0.00102234 4.10766e-05 0.218616 0.00140913 2.31331e-08 3.11917e-07 0.00406923 0.000164946 1.07122e-07 9.48628e-06 4.40155e-10 4.716e-08 1.2039e-13 1.83003e-06 7.55013e-09 1.8745e-08 2.94546e-08 0.00111783 1.21707e-09 3.28148e-05 8.14487e-15 4.97541e-05 1.37802e-08 0.000156076 1.01997e-07 7.43767e-09 
0.0520857 2218.68 1745.5 5.88243 0.86 2620 1.49521 1.15014 1322.44 986.375 683 0.55 0.9 743546 0.6 8.74893e+07 2.42306e+08 0.766264 0.00757057 0.000146908 0.00052181 3.31849e-05 0.219412 0.00128678 2.15414e-08 1.62998e-07 0.00386968 9.80963e-05 8.55074e-08 5.21013e-06 3.7167e-10 3.81475e-08 1.0172e-13 6.26318e-07 2.53305e-09 1.10541e-08 1.42877e-08 0.000656325 4.5622e-10 1.88328e-05 6.04197e-15 2.77821e-05 9.31789e-09 8.7444e-05 4.9657e-08 2.3752e-09 
0.0522286 2188.11 1760.65 5.80141 0.86 2620 1.48678 1.15014 1323.85 986.375 683 0.55 0.9 737420 0.6 9.17695e+07 2.00894e+08 0.766643 0.00758121 0.000141523 0.000285098 2.81316e-05 0.219865 0.00118392 2.08217e-08 9.40716e-08 0.00373694 6.04805e-05 7.12484e-08 2.96422e-06 3.4093e-10 3.44e-08 9.03872e-14 2.20872e-07 8.82082e-10 6.7773e-09 7.26647e-09 0.000394397 1.79233e-10 1.09513e-05 4.92536e-15 1.58436e-05 7.41002e-09 5.03072e-05 2.55281e-08 7.90205e-10 
0.0525143 2133.98 1782.85 5.65757 0.86 2620 1.47859 1.15014 1325.86 986.375 683 0.55 0.9 726460 0.6 9.35156e+07 1.37773e+08 0.766967 0.007592 0.000133905 0.000131302 2.24619e-05 0.220291 0.00103055 2.06605e-08 4.87032e-08 0.00359694 2.86199e-05 5.46706e-08 1.23728e-06 3.30363e-10 3.39552e-08 7.92614e-14 4.16586e-08 1.65677e-10 3.1914e-09 2.47611e-09 0.000173619 4.20093e-11 4.52983e-06 3.95585e-15 6.37244e-06 6.0055e-09 2.06441e-05 8.94258e-09 1.33972e-10 
0.0528 2088.24 1797.56 5.53586 0.86 2620 1.4723 1.15014 1327.17 986.375 683 0.55 0.9 717050 0.6 9.01171e+07 9.34286e+07 0.76711 0.00759677 0.000128118 7.75566e-05 1.89161e-05 0.220521 0.000916095 2.08928e-08 3.22706e-08 0.00352508 1.40086e-05 4.47032e-08 5.86309e-07 3.39581e-10 3.6256e-08 7.3351e-14 8.13756e-09 3.25069e-11 1.54899e-09 9.08168e-10 7.83704e-05 1.0173e-11 1.92657e-06 3.46897e-15 2.65337e-06 5.35542e-09 8.77741e-06 3.35849e-09 2.40918e-11 
0.0533714 2020.85 1811.58 5.35625 0.86 2620 1.46846 1.15014 1328.39 986.375 683 0.55 0.9 702884 0.6 7.47044e+07 4.65252e+07 0.767195 0.00759928 0.00011881 4.81318e-05 1.45488e-05 0.220762 0.000757806 2.11053e-08 2.20895e-08 0.00347089 4.94945e-06 3.40909e-08 2.59813e-07 3.68619e-10 4.23586e-08 6.74382e-14 7.41702e-10 3.03938e-12 5.36945e-10 2.12069e-10 2.43634e-05 1.30156e-12 5.37186e-07 2.96786e-15 7.19898e-07 4.67096e-09 2.47318e-06 8.09357e-10 1.93147e-12 
0.0539429 1970.94 1815.28 5.22306 0.86 2620 1.46802 1.15014 1328.71 986.375 683 0.55 0.9 692141 0.6 5.74535e+07 2.41191e+07 0.767223 0.00760113 0.000110185 3.58176e-05 1.15105e-05 0.220915 0.000642279 2.06222e-08 1.73094e-08 0.00344873 1.89221e-06 2.80213e-08 1.81568e-07 3.93211e-10 4.79112e-08 6.31856e-14 8.06035e-11 3.40644e-13 1.9652e-10 6.06158e-11 8.33476e-06 1.84983e-13 1.6886e-07 2.59415e-15 2.18937e-07 4.17597e-09 7.7299e-07 2.36315e-10 1.91505e-13 
0.0545143 1932.94 1813.62 5.12158 0.86 2620 1.46937 1.15014 1328.57 986.375 683 0.55 0.9 683807 0.6 4.23393e+07 1.31703e+07 0.767234 0.00760353 0.000102017 2.83902e-05 9.24235e-06 0.221027 0.000553379 1.95814e-08 1.41939e-08 0.00343771 8.04662e-07 2.4065e-08 1.62921e-07 4.09906e-10 5.22305e-08 5.92137e-14 1.15568e-11 5.15107e-14 7.76819e-11 2.20242e-11 3.17937e-06 3.08541e-14 6.37345e-08 2.26302e-15 7.72684e-08 3.76642e-09 2.71517e-07 8.80078e-11 2.44351e-14 
0.0550857 1903.16 1809.04 5.042 0.86 2620 1.47172 1.15014 1328.17 986.375 683 0.55 0.9 677177 0.6 3.03472e+07 7.57643e+06 0.767239 0.00760643 9.43758e-05 2.30611e-05 7.50177e-06 0.221114 0.000482779 1.82211e-08 1.18416e-08 0.00343089 4.0035e-07 2.12306e-08 1.59927e-07 4.1944e-10 5.53e-08 5.52218e-14 2.57628e-12 1.3392e-14 3.44143e-11 1.06767e-11 1.384e-06 6.47405e-15 3.05392e-08 1.96138e-15 3.33082e-08 3.41398e-09 1.09958e-07 4.42541e-11 4.26839e-15 
0.0556571 1879.14 1802.78 4.97774 0.86 2620 1.47466 1.15014 1327.63 986.375 683 0.55 0.9 671760 0.6 2.12887e+07 4.54743e+06 0.767242 0.00760958 8.73263e-05 1.89787e-05 6.14627e-06 0.221184 0.000425428 1.67356e-08 9.96719e-09 0.00342587 2.4433e-07 1.90605e-08 1.61355e-07 4.23455e-10 5.73192e-08 5.12449e-14 1.03593e-12 6.84594e-15 1.78525e-11 6.86638e-12 7.10596e-07 1.86203e-15 1.85192e-08 1.691e-15 1.82175e-08 3.10681e-09 5.31635e-08 2.97019e-11 1.12562e-15 
0.0562286 1859.18 1795.53 4.92435 0.86 2620 1.47798 1.15014 1326.99 986.375 683 0.55 0.9 667217 0.6 1.46259e+07 2.79626e+06 0.767244 0.00761279 8.08866e-05 1.57667e-05 5.07885e-06 0.221241 0.000377985 1.52521e-08 8.44344e-09 0.00342177 1.83142e-07 1.73189e-08 1.64056e-07 4.2353e-10 5.85315e-08 4.73867e-14 6.68521e-13 5.21907e-15 1.11642e-11 5.4121e-12 4.41935e-07 7.80392e-16 1.33252e-08 1.45373e-15 1.24045e-08 2.8375e-09 3.14093e-08 2.43154e-11 4.74774e-16 
0.0568 1842.13 1787.67 4.87875 0.86 2620 1.48152 1.15014 1326.29 986.375 683 0.55 0.9 663306 0.6 9.79879e+06 1.71613e+06 0.767245 0.00761593 7.50376e-05 1.32028e-05 4.2298e-06 0.221289 0.000338133 1.38427e-08 7.19297e-09 0.00341822 1.60135e-07 1.58728e-08 1.67083e-07 4.20935e-10 5.91583e-08 4.37339e-14 5.4501e-13 4.57297e-15 8.31792e-12 4.78281e-12 3.30694e-07 4.66552e-16 1.05889e-08 1.24892e-15 9.83634e-09 2.6003e-09 2.23373e-08 2.21416e-11 2.95089e-16 
0.0573714 1827.2 1779.46 4.83879 0.86 2620 1.48522 1.15014 1325.56 986.375 683 0.55 0.9 659859 0.6 6.33219e+06 1.01068e+06 0.767247 0.00761893 6.97392e-05 1.11349e-05 3.54797e-06 0.22133 0.000304217 1.25427e-08 6.1602e-09 0.00341506 1.53337e-07 1.46419e-08 1.70142e-07 4.16619e-10 5.93787e-08 4.0339e-14 4.88607e-13 4.18662e-15 7.04778e-12 4.47518e-12 2.85241e-07 3.61709e-16 8.86409e-09 1.07407e-15 8.50472e-09 2.39047e-09 1.82112e-08 2.12186e-11 2.31496e-16 
0.0579429 1813.81 1771.05 4.80297 0.86 2620 1.48901 1.15014 1324.8 986.375 683 0.55 0.9 656755 0.6 3.85543e+06 527959 0.767248 0.00762174 6.49423e-05 9.45195e-06 2.99548e-06 0.221365 0.000275028 1.13644e-08 5.30244e-09 0.0034122 1.53786e-07 1.35741e-08 1.73149e-07 4.1126e-10 5.93284e-08 3.72238e-14 4.55722e-13 3.89441e-15 6.45775e-12 4.3063e-12 2.69193e-07 3.27868e-16 7.62421e-09 9.25698e-16 7.6883e-09 2.20402e-09 1.61516e-08 2.08326e-11 2.04279e-16 
0.0585143 1801.57 1762.54 4.77024 0.86 2620 1.49285 1.15014 1324.02 986.375 683 0.55 0.9 653908 0.6 2.09077e+06 185387 0.767249 0.00762437 6.05959e-05 8.07112e-06 2.544e-06 0.221396 0.000249668 1.03071e-08 4.58614e-09 0.00340958 1.57634e-07 1.26345e-08 1.76091e-07 4.05329e-10 5.91065e-08 3.43885e-14 4.32805e-13 3.64861e-15 6.17462e-12 4.20308e-12 2.67118e-07 3.23098e-16 6.65615e-09 8.00146e-16 7.10817e-09 2.0376e-09 1.50106e-08 2.06987e-11 1.90818e-16 
0.0590857 1790.2 1754.01 4.73985 0.86 2620 1.49671 1.15014 1323.23 986.375 683 0.55 0.9 651256 0.6 834337 -64662.7 0.76725 0.00762681 5.66513e-05 6.92959e-06 2.1722e-06 0.221422 0.000227452 9.36357e-09 3.98473e-09 0.00340718 1.63146e-07 1.17984e-08 1.78977e-07 3.99144e-10 5.87824e-08 3.18205e-14 4.14795e-13 3.43214e-15 6.03494e-12 4.13354e-12 2.72041e-07 3.32016e-16 5.86271e-09 6.93925e-16 6.64849e-09 1.88845e-09 1.43001e-08 2.0692e-11 1.83287e-16 
0.0596571 1779.5 1745.52 4.71127 0.86 2620 1.50058 1.15014 1322.44 986.375 683 0.55 0.9 648755 0.6 -62242.2 -250807 0.767251 0.00762907 5.30636e-05 5.97932e-06 1.86381e-06 0.221446 0.000207858 8.52372e-09 3.4771e-09 0.00340496 1.69506e-07 1.1048e-08 1.81822e-07 3.92915e-10 5.8404e-08 2.95004e-14 3.99528e-13 3.23741e-15 5.96363e-12 4.08252e-12 2.80617e-07 3.48051e-16 5.19371e-09 6.03933e-16 6.25763e-09 1.75421e-09 1.38003e-08 2.07537e-11 1.78534e-16 
0.0602286 1769.34 1737.1 4.68412 0.86 2620 1.50444 1.15014 1321.65 986.375 683 0.55 0.9 646375 0.6 -707297 -392677 0.767252 0.00763116 4.97934e-05 5.18324e-06 1.60641e-06 0.221466 0.000190475 7.77666e-09 3.04648e-09 0.0034029 1.76313e-07 1.03699e-08 1.8464e-07 3.86778e-10 5.80037e-08 2.74062e-14 3.85971e-13 3.06037e-15 5.92478e-12 4.04227e-12 2.91139e-07 3.6804e-16 4.61997e-09 5.27517e-16 5.91101e-09 1.63298e-09 1.34067e-08 2.08538e-11 1.75142e-16 
0.0608 1759.6 1728.79 4.65815 0.86 2620 1.50849 1.15014 1320.86 986.375 683 0.55 0.9 644093 0.6 -1.18087e+06 -492852 0.767253 0.0076331 4.68074e-05 4.5127e-06 1.39041e-06 0.221485 0.000174987 7.11222e-09 2.6796e-09 0.00340099 1.83358e-07 9.75398e-09 1.87443e-07 3.80825e-10 5.76041e-08 2.5517e-14 3.73596e-13 2.89851e-15 5.90064e-12 4.00857e-12 3.02686e-07 3.90316e-16 4.12283e-09 4.62476e-16 5.59616e-09 1.52318e-09 1.30678e-08 2.09756e-11 1.72419e-16 
0.0614375 1749.18 1719.67 4.63035 0.86 2620 1.51272 1.15014 1319.98 986.375 683 0.55 0.9 641646 0.6 -1.57502e+06 -578021 0.767253 0.00763509 4.37816e-05 3.88799e-06 1.18948e-06 0.221503 0.000159652 6.45823e-09 2.33372e-09 0.00339901 1.91366e-07 9.13185e-09 1.90558e-07 3.74495e-10 5.7181e-08 2.36311e-14 3.60867e-13 2.73404e-15 5.88087e-12 3.97574e-12 3.16141e-07 4.16754e-16 3.6435e-09 4.01221e-16 5.27492e-09 1.41276e-09 1.27243e-08 2.11253e-11 1.69765e-16 
0.062075 1739.14 1710.74 4.60359 0.86 2620 1.51893 1.15014 1319.11 986.375 683 0.55 0.9 639286 0.6 -1.89561e+06 -615101 0.767254 0.00763691 4.10395e-05 3.36551e-06 1.02256e-06 0.221519 0.000146067 5.88382e-09 2.04152e-09 0.00339719 1.99444e-07 8.56869e-09 1.93674e-07 3.68534e-10 5.67951e-08 2.19507e-14 3.49005e-13 2.58433e-15 5.86196e-12 3.94588e-12 3.29735e-07 4.44011e-16 3.22967e-09 3.49747e-16 4.97933e-09 1.31343e-09 1.2397e-08 2.12816e-11 1.67236e-16 
0.06335 1720.18 1693.43 4.55308 0.86 2620 1.53095 1.15014 1317.4 986.375 683 0.55 0.9 634820 0.6 -2.3248e+06 -534671 0.767256 0.00764003 3.63803e-05 2.58429e-06 7.7061e-07 0.221546 0.000123589 4.95545e-09 1.59677e-09 0.003394 2.1558e-07 7.60854e-09 1.99885e-07 3.58349e-10 5.62551e-08 1.91891e-14 3.27948e-13 2.32966e-15 5.82539e-12 3.8885e-12 3.56012e-07 4.99426e-16 2.56997e-09 2.71326e-16 4.46368e-09 1.146e-09 1.17793e-08 2.15767e-11 1.62337e-16 
0.0659 1685.33 1660.79 4.46036 0.86 2620 1.55403 1.15014 1314.08 986.375 683 0.55 0.9 626578 0.6 -2.62778e+06 -327270 0.767258 0.00764479 2.93544e-05 1.62694e-06 4.6347e-07 0.221585 9.12852e-05 3.67566e-09 1.03796e-09 0.00338901 2.47711e-07 6.15284e-09 2.12527e-07 3.43474e-10 5.59726e-08 1.52815e-14 2.926e-13 1.94113e-15 5.71957e-12 3.7768e-12 4.0188e-07 6.06487e-16 1.68637e-09 1.73875e-16 3.64329e-09 8.97141e-10 1.05734e-08 2.21027e-11 1.51566e-16 
0.071 1622.71 1600.58 4.29408 0.86 2620 1.58468 1.15014 1307.57 986.375 683 0.55 0.9 611626 0.6 -2.14909e+06 -119777 0.767261 0.0076511 2.03308e-05 7.60202e-07 1.91219e-07 0.22163 5.34212e-05 2.25345e-09 5.09612e-10 0.00338235 3.14538e-07 4.29954e-09 2.40021e-07 3.27325e-10 5.76498e-08 1.08189e-14 2.36886e-13 1.41953e-15 5.38364e-12 3.58458e-12 4.66874e-07 7.93502e-16 7.87069e-10 8.31785e-17 2.51156e-09 5.86277e-10 8.26503e-09 2.31677e-11 1.27081e-16 
0.0761 1564.3 1543.5 4.13916 0.86 2620 1.61618 1.15014 1300.94 986.375 683 0.55 0.9 597457 0.6 -1.29919e+06 56448.6 0.767263 0.00765568 1.41541e-05 3.75271e-07 7.96441e-08 0.221657 3.13891e-05 1.39657e-09 2.58796e-10 0.00337781 3.89757e-07 3.10187e-09 2.72272e-07 3.13449e-10 5.98098e-08 7.97209e-15 1.87434e-13 1.01915e-15 4.85078e-12 3.50381e-12 5.10051e-07 9.2291e-16 3.63746e-10 4.04593e-17 1.70596e-09 3.84761e-10 6.10132e-09 2.49942e-11 1.00493e-16 
0.0812 1507.16 1486.63 3.98774 0.86 2620 1.65102 1.15014 1293.85 986.375 683 0.55 0.9 583370 0.6 -188492 398596 0.767264 0.00765912 9.74523e-06 1.98847e-07 3.21851e-08 0.221673 1.80706e-05 8.57039e-10 1.35432e-10 0.00337469 4.77413e-07 2.29348e-09 3.11407e-07 3.01272e-10 6.26807e-08 6.08332e-15 1.44119e-13 7.06512e-16 4.24955e-12 3.52518e-12 5.33106e-07 9.84585e-16 1.61741e-10 1.93292e-17 1.12913e-09 2.48778e-10 4.24441e-09 2.78414e-11 7.54925e-17 
0.0863 1446.68 1424.68 3.82753 0.86 2620 1.69388 1.15014 1285.52 986.375 683 0.55 0.9 568198 0.6 1.62289e+06 929841 0.767265 0.00766175 6.50371e-06 1.16498e-07 1.19435e-08 0.221683 9.8225e-06 5.11996e-10 7.38058e-11 0.00337258 5.84073e-07 1.73667e-09 3.63097e-07 2.93034e-10 6.75955e-08 4.89246e-15 1.06808e-13 4.66387e-16 3.70113e-12 3.65825e-12 5.38467e-07 9.96891e-16 6.59928e-11 8.76658e-18 7.12349e-10 1.54382e-10 2.73843e-09 3.23519e-11 5.38234e-17 
0.0914 1376.43 1350.02 3.64157 0.86 2620 1.75337 1.15014 1274.59 986.375 683 0.55 0.9 550225 0.6 7.5687e+06 -1.01045e+06 0.767265 0.00766381 4.11234e-06 7.86168e-08 3.78805e-09 0.221689 4.78195e-06 2.95762e-10 4.32764e-11 0.00337119 7.14476e-07 1.37944e-09 4.40224e-07 2.95215e-10 7.83748e-08 4.44457e-15 7.55539e-14 2.91623e-16 3.32836e-12 3.97894e-12 5.30485e-07 1.00831e-15 2.31496e-11 3.67782e-18 4.13283e-10 8.88898e-11 1.59627e-09 4.03877e-11 3.6292e-17 
0.1016 1376.43 1250.73 3.64157 0.86 2620 1.79015 1.15014 1258.4 986.375 683 0.55 0.9 550225 0.6 1.11419e+08 855692 0.767265 0.00766381 4.11234e-06 7.86168e-08 3.78805e-09 0.221689 4.78195e-06 2.95762e-10 4.32764e-11 0.00337119 7.14476e-07 1.37944e-09 4.40224e-07 2.95215e-10 7.83748e-08 4.44457e-15 7.55539e-14 2.91623e-16 3.32836e-12 3.97894e-12 5.30485e-07 1.00831e-15 2.31496e-11 3.67782e-18 4.13283e-10 8.88898e-11 1.59627e-09 4.03877e-11 3.6292e-17 
