#x Tg Ts u porosity solidDensity effectiveSolidHeatConductivity tortuosity_factor solidHeatCapacity specificArea extinctionCoefficient scatteringAlbedo emissivity hv insulationTransmissivity divq divSolidHeatConduction N2 H2 H O2 O H2O OH H2O2 HO2 NO N2O NO2 HNO HNO2 HONO HONO2 N2H2 H2NN NH2OH HNOH NH3 N2H4 N NO3 NH NNH NH2 H2NO N2H3 
0 300 300 0.599172 0.86 2620 3.82464 1.15014 674.038 986.375 683 0.55 0.9 169479 0.6 -1977.21 -808037 0.595655 -6.62303e-20 -3.0694e-20 0.236505 -7.50577e-20 -1.53608e-21 -2.24176e-19 1.17765e-20 -6.21822e-21 -2.74948e-21 6.10972e-22 -1.41992e-22 -2.69662e-19 -9.92546e-21 7.88516e-22 -3.83834e-19 3.66255e-19 -2.21356e-20 2.3675e-20 5.14118e-20 0.16784 2.21109e-19 -2.78477e-19 -5.29215e-28 -1.72934e-24 -1.14124e-32 -2.2505e-21 3.67528e-24 1.02214e-20 
0.0051 301.348 302.348 0.601865 0.86 2620 3.80493 1.15014 679.026 986.375 683 0.55 0.9 169910 0.6 -2501.15 -169094 0.595655 -6.62656e-20 -8.66202e-25 0.236505 -3.09824e-19 -2.52748e-19 -2.85722e-23 1.17742e-20 -1.03995e-18 -4.65932e-19 6.10972e-22 -2.88288e-20 -2.69657e-19 -9.92546e-21 7.88516e-22 -3.83834e-19 3.66255e-19 -3.95096e-21 2.3675e-20 5.14118e-20 0.16784 2.13622e-19 -6.26793e-20 -5.73932e-28 -2.34012e-25 -1.74524e-33 -2.38513e-19 3.67648e-24 1.02214e-20 
0.0102 303.944 305.863 0.607051 0.86 2620 3.77421 1.15014 686.407 986.375 683 0.55 0.9 170740 0.6 -4874.56 -327789 0.595655 -6.62932e-20 -3.03722e-29 0.236505 -3.52448e-19 -2.68421e-19 -1.71292e-24 1.17739e-20 -1.03999e-18 -5.72105e-19 6.10972e-22 -3.44821e-20 -2.69653e-19 -9.92547e-21 7.88516e-22 -3.83834e-19 3.66255e-19 -6.76902e-22 2.3675e-20 5.14118e-20 0.16784 2.07262e-19 -1.32167e-20 -6.25857e-28 -2.84376e-26 -1.03945e-35 -2.6154e-19 3.67682e-24 1.02214e-20 
0.0153 308.398 311.666 0.615946 0.86 2620 3.72423 1.15014 698.363 986.375 683 0.55 0.9 172165 0.6 -9973.97 -565710 0.595655 -6.63109e-20 -4.24087e-30 0.236505 -3.49405e-19 -2.8563e-19 -1.87076e-24 1.17736e-20 -1.03999e-18 -5.95034e-19 6.10972e-22 -3.57858e-20 -2.69652e-19 -9.92547e-21 7.88516e-22 -3.83834e-19 3.66255e-19 -1.08091e-22 2.3675e-20 5.14118e-20 0.16784 2.02388e-19 -2.53555e-21 -6.79417e-28 9.61028e-26 -9.62286e-36 -2.8746e-19 3.67623e-24 1.02214e-20 
0.0204 315.994 321.498 0.631115 0.86 2620 3.64272 1.15014 717.984 986.375 683 0.55 0.9 174598 0.6 -21901.2 -972902 0.595655 -6.62713e-20 -4.64547e-30 0.236505 -3.33824e-19 -3.05918e-19 -2.18309e-24 1.17735e-20 -1.03999e-18 -5.99571e-19 6.10972e-22 -3.61398e-20 -2.69659e-19 -9.92548e-21 7.88516e-22 -3.83834e-19 3.66255e-19 -8.991e-25 2.3675e-20 5.14118e-20 0.16784 1.99861e-19 -4.18974e-22 -7.36769e-28 2.19298e-25 -8.79543e-36 -3.21092e-19 3.67469e-24 1.02214e-20 
0.0255 329.154 338.497 0.657401 0.86 2620 3.51158 1.15014 750.098 986.375 683 0.55 0.9 178820 0.6 -51054 -1.66692e+06 0.595655 -6.42525e-20 -6.11885e-30 0.236505 -3.088e-19 -3.34514e-19 -3.01543e-24 1.17734e-20 -1.03996e-18 -6.00322e-19 6.10971e-22 -3.6066e-20 -2.69695e-19 -9.92548e-21 7.88516e-22 -3.83834e-19 3.66255e-19 2.56346e-23 2.3675e-20 5.14118e-20 0.16784 2.01784e-19 -5.23904e-23 -8.08451e-28 2.64886e-25 -7.76396e-36 -3.74167e-19 3.67218e-24 1.02214e-20 
0.0306 352.468 368.477 0.703964 0.86 2620 3.37623 1.15014 801.526 986.375 683 0.55 0.9 186311 0.6 -116693 -2.94724e+06 0.595655 1.64253e-20 -1.076e-30 0.236505 -2.61787e-19 -3.87396e-19 -5.39112e-24 1.17735e-20 -1.03977e-18 -6.00249e-19 6.10971e-22 -3.55764e-20 -2.69872e-19 -9.92548e-21 7.88516e-22 -3.83834e-19 3.66255e-19 2.89811e-23 2.3675e-20 5.14118e-20 0.16784 2.12892e-19 -3.89153e-24 -9.3221e-28 4.27483e-25 -6.28314e-36 -4.79845e-19 3.66864e-24 1.02214e-20 
0.03315 369.625 392.583 0.738231 0.86 2620 3.24653 1.15014 838.476 986.375 683 0.55 0.9 191825 0.6 -207536 -4.41648e+06 0.595655 1.20243e-18 -2.59063e-29 0.236505 -2.26412e-19 -4.27066e-19 -7.84326e-24 1.17735e-20 -1.03954e-18 -6.00045e-19 6.10971e-22 -3.52271e-20 -2.70086e-19 -9.92548e-21 7.88516e-22 -3.83834e-19 3.66255e-19 2.57978e-23 2.3675e-20 5.14118e-20 0.16784 2.21971e-19 -3.79035e-25 -1.0274e-27 4.90522e-25 -6.64152e-36 -5.60006e-19 3.66642e-24 1.02215e-20 
0.0357 394.412 426.497 0.787737 0.86 2620 3.08438 1.15014 884.56 986.375 683 0.55 0.9 199784 0.6 -402090 -6.16517e+06 0.595655 2.37324e-17 8.10755e-30 0.236505 -1.71702e-19 -4.88484e-19 -1.17311e-23 1.17734e-20 -1.03894e-18 -5.99495e-19 6.10971e-22 -3.47903e-20 -2.70647e-19 -9.92548e-21 7.88516e-22 -3.83834e-19 3.66255e-19 2.0096e-23 2.3675e-20 5.14118e-20 0.16784 2.35347e-19 -2.29237e-26 -1.19712e-27 5.3363e-25 -5.97343e-36 -6.8321e-19 3.66035e-24 1.02215e-20 
0.03825 430.455 475.192 0.859723 0.86 2620 2.94556 1.15014 940.364 986.375 683 0.55 0.9 211317 0.6 -754928 -8.641e+06 0.595655 4.25344e-16 -7.23413e-29 0.236505 -9.72451e-20 -5.72319e-19 -1.53731e-23 1.17726e-20 -1.03741e-18 -5.98109e-19 6.1097e-22 -3.43141e-20 -2.72069e-19 -9.92548e-21 7.88516e-22 -3.83834e-19 3.66255e-19 1.32694e-23 2.3675e-20 5.14119e-20 0.16784 2.52351e-19 -7.64348e-28 -1.54191e-27 5.5056e-25 -1.19424e-35 -8.49453e-19 3.59178e-24 1.02215e-20 
0.039525 453.088 507.84 0.904927 0.86 2620 2.8661 1.15014 972.043 986.375 683 0.55 0.9 218524 0.6 -1.10208e+06 -1.08457e+07 0.595655 3.08954e-15 2.10904e-31 0.236505 -6.0101e-20 -6.14171e-19 -1.50148e-23 1.17714e-20 -1.0361e-18 -5.97153e-19 6.10969e-22 -3.40792e-20 -2.7305e-19 -9.92548e-21 7.88516e-22 -3.83834e-19 3.66255e-19 1.01742e-23 2.3675e-20 5.14121e-20 0.16784 2.61252e-19 -3.65889e-29 -1.79389e-27 5.51463e-25 -2.85958e-36 -9.31592e-19 3.46559e-24 1.02215e-20 
0.0401625 465.913 526.924 0.930541 0.86 2620 2.80821 1.15014 988.753 986.375 683 0.55 0.9 222593 0.6 -1.40639e+06 -1.24861e+07 0.595655 1.2464e-14 4.61805e-31 0.236505 -4.30788e-20 -6.32949e-19 -1.36753e-23 1.17706e-20 -1.03473e-18 -5.96655e-19 6.10969e-22 -3.39644e-20 -2.7356e-19 -9.92548e-21 7.88516e-22 -3.83834e-19 3.66255e-19 8.76094e-24 2.3675e-20 5.14123e-20 0.16784 2.65704e-19 -2.90948e-30 -1.94766e-27 5.50052e-25 -2.46788e-36 -9.61648e-19 3.74129e-24 1.02215e-20 
0.0408 480.383 548.208 0.959442 0.86 2620 2.75074 1.15014 1006.01 986.375 683 0.55 0.9 227170 0.6 -1.84203e+06 -1.39283e+07 0.595655 5.86499e-14 6.82098e-31 0.236505 -2.84725e-20 -6.43029e-19 -1.16387e-23 1.17737e-20 -1.02922e-18 -5.96249e-19 6.10995e-22 -3.38534e-20 -2.73967e-19 -9.92548e-21 7.88521e-22 -3.83834e-19 3.66257e-19 7.41586e-24 2.36751e-20 5.14129e-20 0.16784 2.70069e-19 -1.95515e-31 -2.13589e-27 5.46764e-25 -1.99231e-36 -9.12509e-19 1.0624e-23 1.02215e-20 
0.0413714 494.865 569.433 0.988364 0.86 2620 2.69374 1.15014 1021.91 986.375 683 0.55 0.9 231734 0.6 -2.38822e+06 -1.54174e+07 0.595655 2.5105e-13 9.80504e-31 0.236505 -1.79554e-20 -5.80637e-19 -9.30233e-24 1.18363e-20 -1.00138e-18 -5.96084e-19 6.11424e-22 -3.3754e-20 -2.74029e-19 -9.92548e-21 7.88602e-22 -3.83834e-19 3.66283e-19 6.29335e-24 2.36757e-20 5.14156e-20 0.16784 2.73851e-19 -1.24477e-32 -2.33901e-27 5.42926e-25 -1.4161e-36 -2.55954e-19 1.05193e-22 1.02218e-20 
0.0419429 511.035 592.977 1.02066 0.86 2620 2.63425 1.15014 1038.21 986.375 683 0.55 0.9 236810 0.6 -3.1251e+06 -1.68954e+07 0.595655 1.09126e-12 1.53145e-30 0.236505 -1.02334e-20 2.91131e-19 -6.79056e-24 1.27096e-20 -8.16691e-19 -5.95363e-19 6.18746e-22 -3.35964e-20 -2.73354e-19 -9.92548e-21 7.89853e-22 -3.83834e-19 3.66634e-19 5.26502e-24 2.36851e-20 5.14408e-20 0.16784 2.77483e-19 -6.70344e-34 -2.57875e-27 5.38979e-25 -6.11788e-37 5.59161e-18 1.38793e-21 1.02251e-20 
0.0425143 529.113 619.146 1.05677 0.86 2620 2.57232 1.15014 1054.89 986.375 683 0.55 0.9 242457 0.6 -4.11105e+06 -1.84409e+07 0.595655 4.69019e-12 8.03231e-30 0.236505 -5.16101e-21 1.04161e-17 -4.43043e-24 2.4162e-20 5.52452e-19 -5.79558e-19 7.40081e-22 -3.24975e-20 -2.71048e-19 -9.92544e-21 8.087e-22 -3.83834e-19 3.71313e-19 4.34438e-24 2.38093e-20 5.17485e-20 0.16784 2.81646e-19 -3.04481e-35 -2.77897e-27 5.35903e-25 2.6085e-36 5.50977e-17 1.82539e-20 1.02771e-20 
0.0430857 549.349 648.287 1.09718 0.86 2620 2.50801 1.15014 1071.94 986.375 683 0.55 0.9 248744 0.6 -5.42274e+06 -2.00363e+07 0.595655 1.97898e-11 3.07156e-28 0.236505 -2.2292e-21 1.23389e-16 -2.47288e-24 1.69814e-19 1.16002e-17 -3.54244e-19 2.695e-21 -1.76068e-20 -2.64788e-19 -9.92482e-21 1.08491e-21 -3.83834e-19 4.32206e-19 3.53909e-24 2.54088e-20 5.56298e-20 0.16784 2.98419e-19 -1.26633e-36 -1.71124e-27 5.35702e-25 1.649e-34 4.63615e-16 2.34074e-19 1.10593e-20 
0.0436571 572.038 680.783 1.1425 0.86 2620 2.44144 1.15014 1089.38 986.375 683 0.55 0.9 255744 0.6 -7.15856e+06 -2.16516e+07 0.595655 8.17548e-11 1.49787e-26 0.236505 -5.04615e-22 1.34208e-15 -2.58134e-25 1.97012e-18 1.0641e-16 2.51176e-18 3.32627e-20 1.92481e-19 -2.41952e-19 -9.91593e-21 5.01526e-21 -3.83834e-19 1.20351e-18 2.86216e-24 4.54382e-20 1.03803e-19 0.16784 5.21922e-19 -9.13072e-38 1.78158e-26 5.72335e-25 1.04866e-32 3.74933e-15 2.91933e-18 2.24912e-20 
0.0442286 597.515 717.061 1.19338 0.86 2620 2.37279 1.15014 1107.26 986.375 683 0.55 0.9 263543 0.6 -9.44168e+06 -2.32425e+07 0.595655 3.30115e-10 7.28096e-25 0.236505 4.34631e-21 1.40314e-14 1.66247e-23 2.35626e-17 9.50955e-16 3.73563e-17 4.962e-19 3.07849e-18 -7.88818e-20 -9.79333e-21 5.92192e-20 -3.83834e-19 1.06955e-17 2.65214e-24 2.88903e-19 6.85468e-19 0.16784 3.96221e-18 2.15201e-36 2.84263e-25 1.85621e-24 6.76491e-31 2.94556e-14 3.53482e-17 1.84422e-19 
0.0448 626.161 757.587 1.25059 0.86 2620 2.30231 1.15014 1125.65 986.375 683 0.55 0.9 272229 0.6 -1.24217e+07 -2.47504e+07 0.595655 1.3009e-09 3.39148e-23 0.236505 6.59804e-20 1.41288e-13 3.06912e-22 2.74284e-16 8.58533e-15 4.4676e-16 7.27298e-18 4.1437e-17 1.60779e-18 -8.15765e-21 7.82255e-19 -3.83835e-19 1.23966e-16 1.65527e-23 3.15608e-18 7.49436e-18 0.16784 5.57119e-17 3.90888e-34 3.69266e-24 5.04668e-23 4.14137e-29 2.24669e-13 4.1472e-16 2.40282e-18 
0.0453714 658.408 802.864 1.315 0.86 2620 2.23029 1.15014 1144.6 986.375 683 0.55 0.9 281900 0.6 -1.62729e+07 -2.61048e+07 0.595655 4.99588e-09 1.51254e-21 0.236505 9.57241e-19 1.36783e-12 5.60184e-21 3.08492e-15 7.72837e-14 5.09589e-15 1.02963e-16 5.33577e-16 2.02649e-17 1.29043e-20 1.00917e-17 -3.8383e-19 1.43209e-15 5.98395e-22 3.58042e-17 8.46217e-17 0.16784 8.07026e-16 7.88633e-32 4.51705e-23 1.91237e-21 2.44106e-27 1.66055e-12 4.70479e-15 3.17357e-17 
0.0459429 694.739 853.426 1.38756 0.86 2620 2.1571 1.15014 1164.02 986.375 683 0.55 0.9 292652 0.6 -2.11858e+07 -2.7233e+07 0.595655 1.867e-08 6.34569e-20 0.236505 1.40203e-17 1.27054e-11 1.04991e-19 3.33972e-14 6.82798e-13 5.60276e-14 1.4036e-15 6.61598e-15 2.25238e-16 2.74138e-19 1.25547e-16 -3.83747e-19 1.60231e-14 2.28608e-20 3.9454e-16 9.2934e-16 0.16784 1.13031e-14 1.57343e-29 5.26002e-22 7.25346e-20 1.3602e-25 1.18682e-11 5.14936e-14 4.05324e-16 
0.0465143 735.683 909.825 1.46934 0.86 2620 2.08316 1.15014 1183.41 986.375 683 0.55 0.9 304585 0.6 -2.73465e+07 -2.80813e+07 0.595655 6.78007e-08 2.43373e-18 0.236505 2.10532e-16 1.13007e-10 2.0878e-18 3.46373e-13 5.83657e-12 5.93074e-13 1.83864e-14 7.88797e-14 2.44407e-15 3.38871e-18 1.50173e-15 -3.83024e-19 1.72902e-13 8.12723e-19 4.19047e-15 9.88561e-15 0.16784 1.51975e-13 3.10037e-27 5.86014e-21 2.68605e-18 6.9719e-24 8.18477e-11 5.42386e-13 4.97919e-15 
0.0470857 781.818 972.628 1.56148 0.86 2620 2.00891 1.15014 1201.4 986.375 683 0.55 0.9 317792 0.6 -3.48941e+07 -2.86599e+07 0.595655 2.3895e-07 8.20846e-17 0.236505 3.33799e-15 9.60654e-10 4.65013e-17 3.41696e-12 4.76069e-11 6.02975e-12 2.30991e-13 9.02425e-13 2.61888e-14 3.90067e-17 1.72283e-14 -3.77564e-19 1.79564e-12 2.67077e-17 4.27887e-14 1.02336e-13 0.16784 1.95286e-12 5.73526e-25 6.32967e-20 9.56197e-17 3.18072e-22 5.43441e-10 5.48147e-12 5.87063e-14 
0.0476571 833.764 1042.41 1.66524 0.86 2620 1.93481 1.15014 1217.34 986.375 683 0.55 0.9 332360 0.6 -4.38406e+07 -2.91303e+07 0.595654 8.16269e-07 2.34249e-15 0.236505 5.69477e-14 7.79153e-09 1.1822e-15 3.16847e-11 3.64758e-10 5.87086e-11 2.77812e-12 9.88247e-12 2.78635e-13 4.28797e-16 1.8895e-13 -3.37435e-19 1.79147e-11 8.10796e-16 4.19011e-13 1.04308e-12 0.16784 2.38188e-11 9.86591e-23 6.84549e-19 3.21736e-15 1.26161e-20 3.46593e-09 5.29322e-11 6.63145e-13 
0.0482286 892.188 1119.78 1.78197 0.86 2620 1.86125 1.15014 1233.8 986.375 683 0.55 0.9 348369 0.6 -5.39192e+07 -2.99525e+07 0.595654 2.69988e-06 5.53266e-14 0.236504 1.0121e-12 6.01988e-08 3.18518e-14 2.70452e-10 2.56923e-09 5.45271e-10 3.19315e-11 1.0322e-10 2.96056e-12 4.50088e-15 1.97005e-12 -1.27015e-20 1.7141e-10 2.28126e-14 3.92056e-12 1.0625e-11 0.167839 2.72481e-10 1.54335e-20 7.92765e-18 1.00273e-13 4.39105e-19 2.11807e-08 4.85094e-10 7.16476e-12 
0.0488 957.793 1205.46 1.91314 0.86 2620 1.78861 1.15014 1250.34 986.375 683 0.55 0.9 365911 0.6 -6.42912e+07 -2.95657e+07 0.595651 8.63867e-06 1.08573e-12 0.236503 1.74577e-11 4.42338e-07 8.17019e-13 2.04378e-09 1.60688e-08 4.80088e-09 3.50159e-10 1.02113e-09 3.16183e-11 4.50704e-14 1.93021e-11 3.56355e-18 1.57049e-09 5.98985e-13 3.47676e-11 1.07978e-10 0.167836 2.8619e-09 2.12934e-18 1.09069e-16 2.81449e-12 1.41537e-17 1.23659e-07 4.16195e-09 7.38585e-11 
0.0493714 1031.12 1300.03 2.06005 0.86 2620 1.7355 1.15014 1266.69 986.375 683 0.55 0.9 385023 0.6 -7.32104e+07 -3.43889e+07 0.595644 2.67232e-05 1.79068e-11 0.2365 2.7144e-10 3.08419e-06 1.83644e-11 1.26465e-08 8.36795e-08 3.9608e-08 3.65583e-09 9.412e-09 3.38184e-10 4.3399e-13 1.73312e-10 6.58828e-17 1.37613e-08 1.4549e-11 2.85603e-10 1.03865e-09 0.167826 2.65388e-08 2.4117e-16 1.90026e-15 6.76308e-11 4.51443e-16 6.86134e-07 3.23554e-08 7.19924e-10 
0.0496571 1070.3 1351.18 2.13888 0.86 2620 1.69983 1.15014 1274.77 986.375 683 0.55 0.9 395086 0.6 -7.64243e+07 -4.01874e+07 0.595634 4.95591e-05 9.0541e-11 0.236495 1.35326e-09 1.00958e-05 1.07744e-10 2.96996e-08 1.80499e-07 1.44406e-07 1.66722e-08 3.68225e-08 1.5228e-09 1.93733e-12 6.49372e-10 5.97196e-16 5.45302e-08 1.03126e-10 9.89336e-10 3.80147e-09 0.167809 9.69649e-08 4.98129e-15 1.61096e-14 5.17862e-10 3.85429e-15 1.87245e-06 1.04336e-07 2.97595e-09 
0.0499429 1111.89 1405.34 2.22319 0.86 2620 1.6733 1.15014 1282.79 986.375 683 0.55 0.9 405804 0.6 -7.78393e+07 -4.71742e+07 0.595615 9.47384e-05 4.92829e-10 0.23648 7.16219e-09 3.65369e-05 6.78945e-10 7.36803e-08 4.07151e-07 5.9144e-07 8.74679e-08 1.61422e-07 8.15054e-09 1.01969e-11 2.74716e-09 6.13089e-15 2.44957e-07 8.60228e-10 3.77936e-09 1.50505e-08 0.167765 4.01078e-07 1.0381e-13 1.43903e-13 3.75028e-09 4.25093e-14 5.52112e-06 3.71165e-07 1.37679e-08 
0.0500857 1133.55 1433.71 2.26754 0.86 2620 1.65543 1.15014 1286.77 986.375 683 0.55 0.9 411471 0.6 -7.74821e+07 -5.66859e+07 0.595599 0.000133979 1.27629e-09 0.236463 1.82412e-08 7.67393e-05 1.89083e-09 1.16196e-07 6.19429e-07 1.33126e-06 2.38148e-07 3.70441e-07 2.25494e-08 2.92126e-11 6.22393e-09 2.57196e-14 5.96447e-07 2.89638e-09 7.86641e-09 3.12249e-08 0.167713 8.66544e-07 6.05245e-13 5.64917e-13 1.16595e-08 1.73587e-13 1.00675e-05 7.38105e-07 3.23063e-08 
0.0502286 1156.07 1463.08 2.31418 0.86 2620 1.63748 1.15014 1290.76 986.375 683 0.55 0.9 417486 0.6 -7.6114e+07 -6.02112e+07 0.595575 0.000192005 3.44095e-09 0.236426 4.78033e-08 0.00017067 5.48949e-09 1.89691e-07 9.7847e-07 3.20979e-06 7.10548e-07 9.05488e-07 6.80917e-08 9.24604e-11 1.52186e-08 1.16856e-13 1.56243e-06 1.05944e-08 1.73306e-08 6.75697e-08 0.167606 2.00351e-06 3.6247e-12 2.29354e-12 3.57713e-08 8.09625e-13 1.90281e-05 1.55107e-06 8.05908e-08 
0.0503714 1179.67 1493.53 2.36383 0.86 2620 1.62403 1.15014 1294.73 986.375 683 0.55 0.9 423980 0.6 -7.34458e+07 -6.74888e+07 0.595545 0.000277466 9.44421e-09 0.236341 1.25242e-07 0.000387464 1.62229e-08 3.14449e-07 1.58678e-06 7.84722e-06 2.16359e-06 2.18966e-06 2.11655e-07 3.03362e-10 3.75946e-08 5.2748e-13 4.1447e-06 3.89375e-08 3.82887e-08 1.44394e-07 0.167386 4.59515e-06 2.12234e-11 8.9606e-12 1.05326e-07 3.99576e-12 3.62834e-05 3.27562e-06 1.97477e-07 
0.0504429 1192.06 1509.2 2.39033 0.86 2620 1.61497 1.15014 1296.72 986.375 683 0.55 0.9 427497 0.6 -7.14665e+07 -7.69651e+07 0.59553 0.000335518 1.6159e-08 0.236256 2.07347e-07 0.000601076 2.8821e-08 4.07203e-07 2.05649e-06 1.25941e-05 3.99022e-06 3.40363e-06 3.89286e-07 5.88295e-10 6.01187e-08 1.16873e-12 6.96044e-06 7.63044e-08 5.73352e-08 2.09916e-07 0.167184 6.91219e-06 5.38926e-11 1.82354e-11 1.83215e-07 9.38194e-12 5.06847e-05 4.78145e-06 3.06736e-07 
0.0505143 1205.13 1525.2 2.41864 0.86 2620 1.60586 1.15014 1298.71 986.375 683 0.55 0.9 431289 0.6 -6.89943e+07 -8.24769e+07 0.595522 0.000407154 2.79507e-08 0.236112 3.44572e-07 0.000951516 5.19931e-08 5.33859e-07 2.7146e-06 2.07024e-05 7.6508e-06 5.34109e-06 7.31556e-07 1.1757e-09 9.83261e-08 2.63381e-12 1.19542e-05 1.51873e-07 8.71688e-08 3.06728e-07 0.166867 1.05e-05 1.38282e-10 3.73102e-11 3.1803e-07 2.29856e-11 7.14567e-05 7.0627e-06 4.8e-07 
0.0505857 1219.22 1541.55 2.44959 0.86 2620 1.5967 1.15014 1300.71 986.375 683 0.55 0.9 435463 0.6 -6.59573e+07 -8.84346e+07 0.595531 0.000495436 4.88894e-08 0.235865 5.73119e-07 0.00152349 9.52616e-08 7.0571e-07 3.63303e-06 3.44107e-05 1.49139e-05 8.31756e-06 1.38352e-06 2.35521e-09 1.61802e-07 5.9013e-12 2.06368e-05 3.02054e-07 1.3319e-07 4.4596e-07 0.166371 1.58606e-05 3.57021e-10 7.45093e-11 5.48183e-07 5.77418e-11 0.000101246 1.04407e-05 7.44812e-07 
0.0506571 1234.91 1558.28 2.48451 0.86 2620 1.58748 1.15014 1302.71 986.375 683 0.55 0.9 440177 0.6 -6.22747e+07 -9.07806e+07 0.595581 0.000604054 8.62896e-08 0.235443 9.517e-07 0.00245134 1.77286e-07 9.35515e-07 4.90495e-06 5.73087e-05 2.91444e-05 1.26668e-05 2.60357e-06 4.62365e-09 2.6397e-07 1.28643e-11 3.53646e-05 5.92374e-07 2.02811e-07 6.40139e-07 0.165591 2.34958e-05 9.2464e-10 1.42003e-10 9.37375e-07 1.46862e-10 0.000143845 1.52853e-05 1.13146e-06 
0.0507286 1253.14 1575.4 2.52555 0.86 2620 1.58055 1.15014 1304.71 986.375 683 0.55 0.9 445681 0.6 -5.78693e+07 -9.56834e+07 0.595717 0.000737413 1.53489e-07 0.23472 1.577e-06 0.00394513 3.35792e-07 1.23512e-06 6.64877e-06 9.50428e-05 5.65882e-05 1.86216e-05 4.82793e-06 8.69835e-09 4.20848e-07 2.6664e-11 5.95992e-05 1.13187e-06 3.05677e-07 9.0233e-07 0.164369 3.36947e-05 2.39754e-09 2.5295e-10 1.59419e-06 3.75076e-10 0.000204865 2.19392e-05 1.66545e-06 
0.0507643 1263.8 1584.11 2.54969 0.86 2620 1.57589 1.15014 1305.71 986.375 683 0.55 0.9 448878 0.6 -5.53397e+07 -1.03872e+08 0.59585 0.000815676 2.07537e-07 0.234167 2.04781e-06 0.00503069 4.70796e-07 1.41401e-06 7.76623e-06 0.000122888 7.95918e-05 2.21948e-05 6.57865e-06 1.16932e-08 5.25086e-07 3.76293e-11 7.71267e-05 1.55389e-06 3.74295e-07 1.06409e-06 0.163498 3.96647e-05 3.95212e-09 3.2705e-10 2.09679e-06 6.06666e-10 0.000245744 2.60273e-05 1.9908e-06 
0.0508 1275.98 1592.93 2.57734 0.86 2620 1.57122 1.15014 1306.71 986.375 683 0.55 0.9 452490 0.6 -5.25872e+07 -1.06609e+08 0.596056 0.000902696 2.81977e-07 0.233417 2.66884e-06 0.00643913 6.67549e-07 1.61519e-06 9.10199e-06 0.000159707 0.000112935 2.61844e-05 8.9711e-06 1.55174e-08 6.50904e-07 5.22127e-11 9.98216e-05 2.12587e-06 4.58602e-07 1.25302e-06 0.162381 4.61713e-05 6.57592e-09 4.14009e-10 2.77353e-06 9.9089e-10 0.000295975 3.07061e-05 2.36144e-06 
0.0508357 1290.16 1601.87 2.60953 0.86 2620 1.56652 1.15014 1307.72 986.375 683 0.55 0.9 456622 0.6 -4.95977e+07 -1.08872e+08 0.596369 0.000999315 3.85492e-07 0.232402 3.49368e-06 0.00825936 9.58934e-07 1.83717e-06 1.06952e-05 0.000208291 0.000160953 3.04934e-05 1.221e-05 2.01731e-08 7.98373e-07 7.06591e-11 0.000128889 2.88866e-06 5.61606e-07 1.47434e-06 0.160953 5.2943e-05 1.10683e-08 5.09425e-10 3.69361e-06 1.63153e-09 0.000357874 3.59533e-05 2.7743e-06 
0.0508714 1306.93 1610.92 2.64756 0.86 2620 1.5618 1.15014 1308.73 986.375 683 0.55 0.9 461408 0.6 -4.63569e+07 -1.10411e+08 0.596834 0.00110639 5.30422e-07 0.231034 4.59844e-06 0.0106007 1.39766e-06 2.07564e-06 1.25943e-05 0.000272272 0.000229557 3.49549e-05 1.6558e-05 2.54986e-08 9.64642e-07 9.25278e-11 0.000165671 3.88704e-06 6.86627e-07 1.73544e-06 0.159134 5.95348e-05 1.88654e-08 6.05164e-10 4.95979e-06 2.70391e-09 0.0004344 4.16991e-05 3.22204e-06 
0.0509071 1327.01 1620.08 2.69306 0.86 2620 1.55707 1.15014 1309.73 986.375 683 0.55 0.9 467006 0.6 -4.28504e+07 -1.10896e+08 0.597511 0.00122474 7.3453e-07 0.229201 6.0912e-06 0.0135949 2.06987e-06 2.32222e-06 1.48595e-05 0.000356363 0.00032662 3.93248e-05 2.23451e-05 3.10914e-08 1.14248e-06 1.1622e-10 0.000211604 5.16367e-06 8.37176e-07 2.04708e-06 0.156824 6.53048e-05 3.25884e-08 6.89062e-10 6.72662e-06 4.50417e-09 0.000529272 4.78198e-05 3.69216e-06 
0.0509429 1351.31 1629.37 2.74799 0.86 2620 1.55231 1.15014 1310.74 986.375 683 0.55 0.9 473602 0.6 -3.90638e+07 -1.09889e+08 0.598481 0.00135514 1.02339e-06 0.226761 8.12564e-06 0.0173971 3.11876e-06 2.5632e-06 1.75654e-05 0.000466653 0.000462288 4.32862e-05 2.99767e-05 3.62633e-08 1.31895e-06 1.38691e-10 0.000268122 6.74822e-06 1.01668e-06 2.42498e-06 0.153908 6.94308e-05 5.70805e-08 7.45955e-10 9.22863e-06 7.53117e-09 0.000647074 5.41398e-05 4.16658e-06 
0.0509786 1380.85 1638.78 2.81468 0.86 2620 1.54754 1.15014 1311.76 986.375 683 0.55 0.9 481401 0.6 -3.49841e+07 -1.06828e+08 0.599848 0.00149817 1.43364e-06 0.223539 1.09189e-05 0.0221842 4.78604e-06 2.77844e-06 2.08014e-05 0.000610928 0.00064907 4.64713e-05 3.99357e-05 4.00853e-08 1.47483e-06 1.557e-10 0.000336512 8.64077e-06 1.22794e-06 2.89144e-06 0.150251 7.09977e-05 1.01372e-07 7.60656e-10 1.28236e-05 1.26194e-08 0.000793248 6.04452e-05 4.62212e-06 
0.0510143 1416.81 1648.3 2.89576 0.86 2620 1.54275 1.15014 1312.77 986.375 683 0.55 0.9 490621 0.6 -3.05993e+07 -1.01002e+08 0.601741 0.00165415 2.01731e-06 0.219331 1.47725e-05 0.0281491 7.48483e-06 2.94143e-06 2.46664e-05 0.000798962 0.000901399 4.85053e-05 5.27693e-05 4.15837e-08 1.58604e-06 1.62932e-10 0.000417679 1.07913e-05 1.47221e-06 3.47659e-06 0.145703 6.91884e-05 1.82395e-07 7.22962e-10 1.80563e-05 2.11473e-08 0.000973903 6.6508e-05 5.03328e-06 
0.05105 1460.43 1657.93 2.99403 0.86 2620 1.53795 1.15014 1313.78 986.375 683 0.55 0.9 501467 0.6 -2.59001e+07 -8.69454e+07 0.604314 0.00182292 2.84736e-06 0.213908 2.00938e-05 0.0354899 1.1927e-05 3.02174e-06 2.92544e-05 0.00104266 0.00123426 4.90725e-05 6.90499e-05 4.00939e-08 1.6282e-06 1.57795e-10 0.00051176 1.30821e-05 1.7477e-06 4.21791e-06 0.140108 6.35747e-05 3.31878e-07 6.33386e-10 2.57483e-05 3.53471e-08 0.00119529 7.21137e-05 5.37881e-06 
0.0510857 1512.91 1667.67 3.1123 0.86 2620 1.53436 1.15014 1314.79 986.375 683 0.55 0.9 514104 0.6 -2.08858e+07 -7.12996e+07 0.607739 0.00200368 4.02475e-06 0.20703 2.74103e-05 0.0443922 1.93321e-05 2.99161e-06 3.46225e-05 0.00135583 0.00166033 4.79898e-05 8.92971e-05 3.56492e-08 1.58484e-06 1.40907e-10 0.000617563 1.53264e-05 2.04734e-06 5.15478e-06 0.133314 5.44292e-05 6.08222e-07 5.06325e-10 3.71024e-05 5.8725e-08 0.00146279 7.70737e-05 5.65305e-06 
0.0511036 1542.92 1672.57 3.18002 0.86 2620 1.53196 1.15014 1315.29 986.375 683 0.55 0.9 521153 0.6 -1.82479e+07 -6.82491e+07 0.60986 0.00209889 4.80448e-06 0.202916 3.21197e-05 0.0495417 2.48721e-05 2.92894e-06 3.76153e-05 0.00154612 0.00191318 4.68129e-05 0.000101176 3.26133e-08 1.53082e-06 1.29604e-10 0.000674232 1.63587e-05 2.20215e-06 5.70995e-06 0.129377 4.88947e-05 8.33963e-07 4.37104e-10 4.4854e-05 7.56876e-08 0.00161671 7.92613e-05 5.77258e-06 
0.0511214 1575.68 1677.5 3.25404 0.86 2620 1.52955 1.15014 1315.8 986.375 683 0.55 0.9 528712 0.6 -1.55301e+07 -5.74316e+07 0.612296 0.00219651 5.73514e-06 0.198305 3.76328e-05 0.0551757 3.21343e-05 2.8325e-06 4.07931e-05 0.00176211 0.00219393 4.52101e-05 0.000114245 2.91936e-08 1.45581e-06 1.16784e-10 0.000732545 1.72824e-05 2.3567e-06 6.32778e-06 0.125062 4.29111e-05 1.14539e-06 3.67619e-10 5.43354e-05 9.73099e-08 0.00178376 8.12025e-05 5.88576e-06 
0.0511393 1611.29 1682.44 3.33458 0.86 2620 1.52716 1.15014 1316.3 986.375 683 0.55 0.9 536771 0.6 -1.27337e+07 -4.4794e+07 0.615074 0.00229606 6.84608e-06 0.193169 4.40592e-05 0.0613056 4.16826e-05 2.70437e-06 4.41165e-05 0.00200614 0.00250136 4.3222e-05 0.000128461 2.56035e-08 1.36362e-06 1.03231e-10 0.00079141 1.80593e-05 2.50709e-06 7.00817e-06 0.12036 3.67415e-05 1.57639e-06 3.01304e-10 6.59159e-05 1.24683e-07 0.00196331 8.2862e-05 6.0012e-06 
0.0511571 1649.78 1687.4 3.42175 0.86 2620 1.52476 1.15014 1316.8 986.375 683 0.55 0.9 545311 0.6 -9.8602e+06 -3.02044e+07 0.618219 0.00239695 8.17118e-06 0.187486 5.15161e-05 0.0679351 5.42534e-05 2.54858e-06 4.75247e-05 0.00228042 0.00283268 4.09004e-05 0.000143735 2.20526e-08 1.25943e-06 8.9673e-11 0.000849394 1.86532e-05 2.64852e-06 7.74656e-06 0.115265 3.066e-05 2.17378e-06 2.40944e-10 8.00193e-05 1.59033e-07 0.00215411 8.41922e-05 6.12835e-06 
0.051175 1691.11 1692.38 3.51554 0.86 2620 1.52237 1.15014 1317.3 986.375 683 0.55 0.9 554296 0.6 -6.91203e+06 -2.28722e+07 0.621749 0.00249848 9.74961e-06 0.181244 6.01218e-05 0.0750585 7.08132e-05 2.37084e-06 5.09309e-05 0.00258692 0.00318316 3.83067e-05 0.00015992 1.87213e-08 1.14929e-06 7.67149e-11 0.000904687 1.90317e-05 2.77538e-06 8.5325e-06 0.109781 2.49227e-05 3.00275e-06 1.88341e-10 9.71222e-05 2.01662e-07 0.00235404 8.51313e-05 6.27575e-06 
0.0511929 1735.19 1697.37 3.6158 0.86 2620 1.51879 1.15014 1317.8 986.375 683 0.55 0.9 563679 0.6 -3.88961e+06 -864423 0.625678 0.00259976 1.16265e-05 0.174442 6.99856e-05 0.0826594 9.26665e-05 2.1781e-06 5.42191e-05 0.00292727 0.00354588 3.55102e-05 0.000176792 1.57415e-08 1.03949e-06 6.48143e-11 0.000955088 1.91668e-05 2.88138e-06 9.34866e-06 0.103923 1.97403e-05 4.15512e-06 1.44208e-10 0.000117748 2.53837e-07 0.00255994 8.56042e-05 6.44862e-06 
0.0512286 1830.97 1707.36 3.83421 0.86 2620 1.51406 1.15014 1318.78 986.375 683 0.55 0.9 583379 0.6 2.33188e+06 5.41052e+07 0.634626 0.00279576 1.63544e-05 0.159416 9.33283e-05 0.0989672 0.000157445 1.77643e-06 5.99327e-05 0.00370163 0.00427028 2.96202e-05 0.000211147 1.11158e-08 8.41307e-07 4.45533e-11 0.00103254 1.8654e-05 3.0097e-06 1.09774e-05 0.091336 1.15719e-05 7.76847e-06 8.04589e-11 0.000170437 3.88883e-07 0.0029695 8.49269e-05 6.86584e-06 
0.0512643 1934.32 1717.35 4.07125 0.86 2620 1.51055 1.15014 1319.76 986.375 683 0.55 0.9 603678 0.6 8.77701e+06 1.07547e+08 0.644919 0.00297716 2.28019e-05 0.142717 0.00012221 0.116529 0.000265187 1.39072e-06 6.33878e-05 0.00460133 0.00491387 2.37268e-05 0.000244591 8.20732e-09 6.98814e-07 2.99056e-11 0.00106347 1.70997e-05 2.99006e-06 1.23145e-05 0.077812 6.28357e-06 1.42489e-05 4.2917e-11 0.000241046 5.65865e-07 0.00333979 8.14053e-05 7.24615e-06 
0.0512821 1987.62 1722.32 4.19423 0.86 2620 1.50823 1.15014 1320.24 986.375 683 0.55 0.9 613776 0.6 1.20798e+07 1.29794e+08 0.650535 0.00305928 2.68669e-05 0.133814 0.000139012 0.125697 0.000343167 1.21041e-06 6.38154e-05 0.00510018 0.00517049 2.08848e-05 0.000260356 7.28467e-09 6.53763e-07 2.44634e-11 0.00105587 1.59551e-05 2.91354e-06 1.27346e-05 0.0707959 4.49542e-06 1.91868e-05 3.09672e-11 0.000283433 6.66786e-07 0.00349147 7.82914e-05 7.33496e-06 
0.0513 2041.5 1727.27 4.31897 0.86 2620 1.50593 1.15014 1320.71 986.375 683 0.55 0.9 623727 0.6 1.54183e+07 1.59411e+08 0.656387 0.00313322 3.15194e-05 0.124676 0.000157179 0.134969 0.000441495 1.04211e-06 6.32088e-05 0.00562734 0.00536434 1.81905e-05 0.000274952 6.67299e-09 6.28066e-07 1.99803e-11 0.00103073 1.45989e-05 2.79043e-06 1.29301e-05 0.0637443 3.1996e-06 2.55386e-05 2.22564e-11 0.000329758 7.69956e-07 0.00360887 7.42371e-05 7.31956e-06 
0.0513179 2095.35 1732.19 4.44408 0.86 2620 1.50366 1.15014 1321.18 986.375 683 0.55 0.9 633421 0.6 1.8784e+07 1.89877e+08 0.662403 0.00319743 3.67989e-05 0.115406 0.000176586 0.144242 0.000564231 8.87497e-07 6.15258e-05 0.00617916 0.00548391 1.56866e-05 0.000288089 6.32289e-09 6.22005e-07 1.63245e-11 0.000987797 1.30827e-05 2.62415e-06 1.28676e-05 0.0567525 2.27302e-06 3.35347e-05 1.59393e-11 0.000378912 8.69191e-07 0.00368309 6.92958e-05 7.17024e-06 
0.0513357 2148.51 1737.09 4.56805 0.86 2620 1.50141 1.15014 1321.65 986.375 683 0.55 0.9 642747 0.6 2.21675e+07 2.20704e+08 0.668497 0.0032505 4.27308e-05 0.106118 0.000197074 0.153408 0.000715578 7.47979e-07 5.88077e-05 0.00675136 0.0055212 1.34076e-05 0.000299551 6.20064e-09 6.35784e-07 1.33701e-11 0.000927812 1.14668e-05 2.4209e-06 1.25309e-05 0.0499203 1.6156e-06 4.33376e-05 1.14009e-11 0.000429259 9.56964e-07 0.00370637 6.35819e-05 6.868e-06 
0.0513536 2200.32 1741.94 4.6893 0.86 2620 1.49919 1.15014 1322.11 986.375 683 0.55 0.9 651605 0.6 2.55589e+07 2.51349e+08 0.674576 0.00329123 4.9324e-05 0.0969245 0.000218461 0.162356 0.000899741 6.24582e-07 5.5185e-05 0.00733928 0.00547275 1.13788e-05 0.00030918 6.28249e-09 6.69409e-07 1.10042e-11 0.000852656 9.81662e-06 2.18928e-06 1.19254e-05 0.0433467 1.15015e-06 5.4987e-05 8.17024e-12 0.000478633 1.0252e-06 0.00367294 5.72706e-05 6.40964e-06 
0.0513714 2250.11 1746.74 4.80625 0.86 2620 1.49701 1.15014 1322.56 986.375 683 0.55 0.9 659903 0.6 2.8948e+07 2.8124e+08 0.680543 0.00331875 5.65708e-05 0.0879418 0.000240563 0.170979 0.00112071 5.17805e-07 5.08623e-05 0.0079381 0.00534014 9.61487e-06 0.000316838 6.55074e-09 7.22535e-07 9.1297e-12 0.000765274 8.19787e-06 1.93959e-06 1.10795e-05 0.0371253 8.19667e-07 6.83394e-05 5.89078e-12 0.000524421 1.06642e-06 0.00357978 5.05849e-05 5.80965e-06 
0.0513893 2297.24 1751.5 4.91734 0.86 2620 1.49486 1.15014 1323 986.375 683 0.55 0.9 667565 0.6 3.23245e+07 3.09796e+08 0.686302 0.00333257 6.44458e-05 0.0792772 0.000263235 0.179177 0.00138202 4.27531e-07 4.60879e-05 0.00854314 0.00512989 8.11946e-06 0.000322354 6.98971e-09 7.94239e-07 7.665e-12 0.000669501 6.67001e-06 1.68287e-06 1.00417e-05 0.0313384 5.83524e-07 8.30123e-05 4.29633e-12 0.000563729 1.07501e-06 0.00342727 4.37745e-05 5.09914e-06 
0.0514071 2341.12 1756.19 5.02114 0.86 2620 1.49274 1.15014 1323.44 986.375 683 0.55 0.9 674531 0.6 3.56782e+07 3.36458e+08 0.691763 0.00333268 7.29077e-05 0.0710274 0.000286415 0.186861 0.00168643 3.53034e-07 4.11162e-05 0.00914997 0.00485259 6.88481e-06 0.000325471 7.58091e-09 8.82673e-07 6.54213e-12 0.000569751 5.28117e-06 1.42983e-06 8.87467e-06 0.0260525 4.13501e-07 9.83526e-05 3.19036e-12 0.00059363 1.04835e-06 0.0032195 3.70902e-05 4.32185e-06 
0.051425 2381.24 1760.82 5.11642 0.86 2620 1.49067 1.15014 1323.86 986.375 683 0.55 0.9 680756 0.6 3.8999e+07 3.6072e+08 0.69685 0.00331952 8.19002e-05 0.0632736 0.00031017 0.193961 0.00203565 2.93087e-07 3.61742e-05 0.00975441 0.00452163 5.89327e-06 0.000325804 8.29752e-09 9.84628e-07 5.70478e-12 0.000470626 4.06456e-06 1.18988e-06 7.64741e-06 0.0213149 2.90342e-07 0.000113442 2.42961e-12 0.000611466 9.87528e-07 0.00296413 3.07592e-05 3.528e-06 
0.0514429 2417.19 1765.37 5.20217 0.86 2620 1.48864 1.15014 1324.28 986.375 683 0.55 0.9 686214 0.6 4.22775e+07 3.8215e+08 0.701502 0.00329402 9.13523e-05 0.0560789 0.000334726 0.200423 0.00242998 2.46161e-07 3.14408e-05 0.0103523 0.0041517 5.11967e-06 0.000322834 9.09905e-09 1.09505e-06 5.10651e-12 0.000376474 3.03719e-06 9.70368e-07 6.42671e-06 0.0171516 2.00977e-07 0.000127153 1.91121e-12 0.000615174 8.97383e-07 0.00267193 2.49647e-05 2.76693e-06 
0.0514607 2448.69 1769.86 5.27764 0.86 2620 1.48664 1.15014 1324.69 986.375 683 0.55 0.9 690899 0.6 4.55046e+07 4.00414e+08 0.705679 0.00325751 0.000101179 0.0494867 0.000360464 0.206215 0.00286793 2.10623e-07 2.70402e-05 0.0109392 0.00375736 4.53439e-06 0.000315951 9.9273e-09 1.20663e-06 4.7093e-12 0.000290971 2.20077e-06 7.7613e-07 5.26994e-06 0.0135668 1.36439e-07 0.000138264 1.56255e-12 0.000603603 7.8586e-07 0.00235589 1.98336e-05 2.08011e-06 
0.0514786 2475.56 1774.26 5.34244 0.86 2620 1.4847 1.15014 1325.09 986.375 683 0.55 0.9 694821 0.6 4.86722e+07 4.15295e+08 0.70936 0.00321166 0.000111277 0.0435209 0.000387884 0.211329 0.00334576 1.84911e-07 2.3047e-05 0.0115098 0.00335207 4.10632e-06 0.00030457 1.07059e-08 1.30979e-06 4.48215e-12 0.000216777 1.5444e-06 6.09487e-07 4.22011e-06 0.0105445 9.04029e-08 0.000145622 1.33327e-12 0.00057676 6.62779e-07 0.00203007 1.54321e-05 1.49596e-06 
0.0514964 2497.8 1778.58 5.39649 0.86 2620 1.4828 1.15014 1325.48 986.375 683 0.55 0.9 698005 0.6 5.17733e+07 4.26701e+08 0.712547 0.00315841 0.000121528 0.0381866 0.000417525 0.215776 0.00385714 1.67627e-07 1.94975e-05 0.0120578 0.00294762 3.80524e-06 0.000288292 1.13455e-08 1.39329e-06 4.39961e-12 0.00015534 1.04819e-06 4.70502e-07 3.30375e-06 0.00805103 5.82155e-08 0.000148337 1.18902e-12 0.000535943 5.38284e-07 0.00170835 1.17692e-05 1.02756e-06 
0.0515143 2515.51 1782.81 5.44002 0.86 2620 1.48094 1.15014 1325.86 986.375 683 0.55 0.9 700493 0.6 5.48015e+07 4.34666e+08 0.715258 0.00309981 0.000131791 0.0334728 0.000449839 0.219584 0.00439295 1.57567e-07 1.64005e-05 0.0125757 0.00255399 3.60336e-06 0.000267093 1.17562e-08 1.4457e-06 4.44005e-12 0.000106868 6.87134e-07 3.57503e-07 2.5316e-06 0.00603896 3.63106e-08 0.000145957 1.10656e-12 0.000483701 4.21318e-07 0.00140324 8.80698e-06 6.73431e-07 
0.0515321 2528.92 1786.95 5.47358 0.86 2620 1.47913 1.15014 1326.23 986.375 683 0.55 0.9 702338 0.6 5.77518e+07 4.39344e+08 0.717525 0.00303797 0.000141912 0.0293543 0.000485066 0.2228 0.00494148 1.53686e-07 1.37464e-05 0.0130555 0.00217946 3.47605e-06 0.000241475 1.18651e-08 1.45763e-06 4.58397e-12 7.04857e-05 4.34559e-07 2.67691e-07 1.90132e-06 0.00445121 2.18837e-08 0.000138593 1.07014e-12 0.000423593 3.18451e-07 0.00112481 6.47437e-06 4.20942e-07 
0.05155 2538.4 1791.01 5.49797 0.86 2620 1.47737 1.15014 1326.59 986.375 683 0.55 0.9 703604 0.6 6.06201e+07 4.40994e+08 0.719391 0.00297491 0.000151726 0.0257954 0.000523113 0.225481 0.00548909 1.5504e-07 1.1512e-05 0.0134897 0.00183077 3.40218e-06 0.000212504 1.16358e-08 1.42419e-06 4.81244e-12 4.45355e-05 2.64903e-07 1.97719e-07 1.40133e-06 0.0032259 1.27268e-08 0.000126931 1.0688e-12 0.000359742 2.33301e-07 0.000879992 4.68181e-06 2.5107e-07 
0.0515679 2544.37 1794.97 5.51419 0.86 2620 1.47565 1.15014 1326.94 986.375 683 0.55 0.9 704362 0.6 6.34033e+07 4.39955e+08 0.720905 0.00291246 0.00016107 0.0227528 0.000563495 0.22769 0.00602134 1.60723e-07 9.66441e-06 0.013872 0.00151312 3.36418e-06 0.000181705 1.10807e-08 1.34666e-06 5.1062e-12 2.69563e-05 1.55594e-07 1.4416e-07 1.01476e-06 0.00230066 7.14013e-09 0.000112126 1.0944e-12 0.000296274 1.6663e-07 0.00067231 3.33437e-06 1.4308e-07 
0.0515857 2547.33 1798.85 5.52335 0.86 2620 1.47397 1.15014 1327.28 986.375 683 0.55 0.9 704687 0.6 6.60992e+07 4.36619e+08 0.722115 0.00285219 0.000169798 0.0201778 0.000605354 0.229493 0.00652449 1.69836e-07 8.16314e-06 0.0141988 0.00123014 3.34804e-06 0.000150824 1.02605e-08 1.23273e-06 5.44561e-12 1.56419e-05 8.80749e-08 1.0381e-07 7.22743e-07 0.00161642 3.86701e-09 9.55914e-05 1.14046e-12 0.000236755 1.16977e-07 0.000502065 2.34144e-06 7.80689e-08 
0.0516036 2547.77 1802.63 5.52659 0.86 2620 1.47234 1.15014 1327.61 986.375 683 0.55 0.9 704651 0.6 6.87066e+07 4.31399e+08 0.72307 0.00279535 0.000177791 0.0180198 0.000647556 0.230955 0.00698688 1.81482e-07 6.96317e-06 0.0144695 0.000983741 3.34319e-06 0.000121525 9.27092e-09 1.09482e-06 5.81136e-12 8.71393e-06 4.80836e-08 7.38508e-08 5.06773e-07 0.00112011 2.02459e-09 7.87446e-05 1.20135e-12 0.000183778 8.15675e-08 0.000366935 1.62269e-06 4.08934e-08 
0.0516214 2546.19 1806.32 5.52504 0.86 2620 1.47076 1.15014 1327.93 986.375 683 0.55 0.9 704326 0.6 7.12249e+07 4.24696e+08 0.723816 0.00274281 0.00018497 0.0162277 0.000688844 0.232136 0.00739998 1.94792e-07 6.01782e-06 0.0146869 0.000774111 3.34225e-06 9.51252e-05 8.21971e-09 9.47319e-07 6.18573e-12 4.66839e-06 2.53398e-08 5.19079e-08 3.50084e-07 0.00076635 1.02629e-09 6.27865e-05 1.27204e-12 0.000138782 5.71925e-08 0.00026281 1.11062e-06 2.06214e-08 
0.0516393 2543.06 1809.93 5.51974 0.86 2620 1.46922 1.15014 1328.25 986.375 683 0.55 0.9 703774 0.6 7.36542e+07 4.12903e+08 0.724391 0.00269511 0.000191293 0.0147521 0.000728008 0.233088 0.00775886 2.08969e-07 5.2818e-06 0.014856 0.000599837 3.34054e-06 7.24484e-05 7.20441e-09 8.03613e-07 6.55366e-12 2.40567e-06 1.28726e-08 3.60345e-08 2.38323e-07 0.000517852 5.03404e-10 4.85681e-05 1.34805e-12 0.000102133 4.08392e-08 0.000184661 7.50757e-07 1.00246e-08 
0.0516571 2538.77 1813.45 5.5116 0.86 2620 1.46699 1.15014 1328.55 986.375 683 0.55 0.9 703052 0.6 7.59962e+07 4.05981e+08 0.724832 0.00265247 0.000196758 0.0135467 0.000764001 0.233857 0.00806199 2.23316e-07 4.71323e-06 0.0149836 0.000458256 3.33548e-06 5.38292e-05 6.29922e-09 6.74288e-07 6.90345e-12 1.17677e-06 6.18757e-09 2.46698e-08 1.59661e-07 0.00034506 2.34514e-10 3.65706e-05 1.42547e-12 7.33895e-05 3.00012e-08 0.000127307 5.00376e-07 4.63859e-09 
0.0516929 2527.72 1820.24 5.48912 0.86 2620 1.46415 1.15014 1329.13 986.375 683 0.55 0.9 701237 0.6 8.03935e+07 3.9002e+08 0.725395 0.0025821 0.000205216 0.0118176 0.000823983 0.23496 0.00850431 2.50616e-07 3.95852e-06 0.0151368 0.000262614 3.31178e-06 2.87384e-05 4.98792e-09 4.8331e-07 7.52282e-12 2.9903e-07 1.56981e-09 1.17694e-08 7.28978e-08 0.000157711 5.68784e-11 1.98047e-05 1.57476e-12 3.70221e-05 1.90381e-08 6.07417e-05 2.27456e-07 1.06786e-09 
0.0517286 2515.26 1826.7 5.46281 0.86 2620 1.46146 1.15014 1329.69 986.375 683 0.55 0.9 699195 0.6 8.4451e+07 3.70837e+08 0.725718 0.00252857 0.00021095 0.010686 0.000867217 0.23571 0.00877345 2.74418e-07 3.50438e-06 0.0152108 0.00014513 3.2735e-06 1.46677e-05 4.22784e-09 3.6985e-07 8.02682e-12 6.98293e-08 3.67101e-10 5.47969e-09 3.24246e-08 7.08246e-05 1.28155e-11 1.01436e-05 1.70518e-12 1.78244e-05 1.42478e-08 2.80768e-05 1.01166e-07 2.27511e-10 
0.0517643 2502.37 1832.84 5.43503 0.86 2620 1.45891 1.15014 1330.21 986.375 683 0.55 0.9 697069 0.6 8.81813e+07 3.51943e+08 0.725903 0.00248808 0.000214579 0.00995341 0.000895424 0.23624 0.00891391 2.9425e-07 3.22291e-06 0.0152412 7.80343e-05 3.22573e-06 7.36761e-06 3.85303e-09 3.12056e-07 8.42701e-12 1.54186e-08 8.1083e-11 2.50927e-09 1.42031e-08 3.14716e-05 2.75385e-12 5.03492e-06 1.81338e-12 8.3115e-06 1.21396e-08 1.27027e-05 4.44292e-08 4.63323e-11 
0.0518 2489.56 1838.7 5.40706 0.86 2620 1.45649 1.15014 1330.7 986.375 683 0.55 0.9 694935 0.6 9.15985e+07 3.33718e+08 0.726008 0.00245696 0.000216669 0.00948007 0.000911713 0.236634 0.00896529 3.10518e-07 3.03922e-06 0.0152492 4.11241e-05 3.173e-06 3.78228e-06 3.70272e-09 2.87561e-07 8.7448e-12 3.28251e-09 1.7238e-11 1.13691e-09 6.17951e-09 1.38946e-05 5.74011e-13 2.49483e-06 1.9012e-12 3.80176e-06 1.1187e-08 5.66826e-06 1.94007e-08 9.18192e-12 
0.0518357 2477.07 1844.26 5.37955 0.86 2620 1.45421 1.15014 1331.16 986.375 683 0.55 0.9 692833 0.6 9.47172e+07 3.14243e+08 0.726069 0.00243225 0.000217672 0.00917128 0.000919281 0.236944 0.008958 3.2394e-07 2.91125e-06 0.0152466 2.13137e-05 3.11852e-06 2.07655e-06 3.66783e-09 2.80631e-07 9.00184e-12 6.80194e-10 3.56694e-12 5.09816e-10 2.68157e-09 6.07887e-06 1.16703e-13 1.2786e-06 1.97253e-12 1.71795e-06 1.07314e-08 2.49618e-06 8.44459e-09 1.77845e-12 
0.0518714 2465 1849.57 5.3528 0.86 2620 1.45104 1.15014 1331.6 986.375 683 0.55 0.9 690781 0.6 9.75551e+07 2.96629e+08 0.726105 0.00241176 0.000217922 0.00896434 0.000920809 0.237204 0.00891369 3.35228e-07 2.8155e-06 0.0152391 1.0713e-05 3.06434e-06 1.2614e-06 3.68646e-09 2.82076e-07 9.2162e-12 1.24366e-10 6.46158e-13 2.18752e-10 1.13088e-09 2.53213e-06 2.07338e-14 6.96626e-07 2.03143e-12 7.49268e-07 1.04846e-08 1.04624e-06 3.56106e-09 3.05499e-13 
0.0519429 2442.25 1859.41 5.30209 0.86 2620 1.44549 1.15014 1332.41 986.375 683 0.55 0.9 686857 0.6 1.02373e+08 2.69236e+08 0.726137 0.00237872 0.000216881 0.00873089 0.00091179 0.237636 0.00875838 3.52945e-07 2.6785e-06 0.0152187 3.23805e-06 2.96067e-06 7.64783e-07 3.78561e-09 2.95139e-07 9.55462e-12 8.79935e-12 5.10192e-14 5.15821e-11 2.82429e-10 5.45339e-07 1.27851e-15 3.44544e-07 2.12122e-12 1.93932e-07 1.02207e-08 2.31146e-07 8.74653e-10 1.65911e-14 
0.0520857 2401.86 1876.32 5.21148 0.86 2620 1.43917 1.15014 1333.78 986.375 683 0.55 0.9 679721 0.6 1.08886e+08 2.18735e+08 0.72616 0.00232441 0.000211912 0.00848263 0.000873745 0.238399 0.00836257 3.78168e-07 2.48714e-06 0.0151773 8.24054e-07 2.782e-06 5.99641e-07 4.00958e-09 3.26385e-07 1.00669e-11 1.03929e-12 9.22417e-15 1.04721e-11 7.95105e-11 7.89442e-08 4.1347e-17 2.2854e-07 2.24406e-12 5.73808e-08 9.79657e-09 3.99277e-08 2.34319e-10 5.60074e-16 
0.0522286 2366.52 1890.21 5.13184 0.86 2620 1.43226 1.15014 1334.88 986.375 683 0.55 0.9 673313 0.6 1.12349e+08 1.78052e+08 0.726175 0.00227365 0.000205638 0.00826612 0.000829531 0.23914 0.00796372 3.97575e-07 2.33931e-06 0.0151399 4.48243e-07 2.63826e-06 5.49491e-07 4.22813e-09 3.57063e-07 1.05143e-11 6.88969e-13 7.01902e-15 5.27369e-12 4.96744e-11 2.68526e-08 6.22173e-18 1.8939e-07 2.33904e-12 3.80293e-08 9.36709e-09 1.77644e-08 1.44869e-10 1.41371e-16 
0.0525143 2309.09 1910.51 5.00166 0.86 2620 1.42552 1.15014 1336.46 986.375 683 0.55 0.9 662510 0.6 1.1169e+08 1.20752e+08 0.726198 0.00217613 0.000191326 0.00779707 0.000738845 0.240584 0.00723087 4.22146e-07 2.11018e-06 0.0150774 3.64625e-07 2.43407e-06 5.03603e-07 4.61718e-09 4.122e-07 1.12679e-11 5.43007e-13 5.85194e-15 3.91732e-12 3.41744e-11 1.76253e-08 3.79107e-18 1.4341e-07 2.46527e-12 2.8805e-08 8.50866e-09 1.22398e-08 1.03232e-10 8.93927e-17 
0.0528 2262.31 1923.98 4.89516 0.86 2620 1.42113 1.15014 1337.49 986.375 683 0.55 0.9 653395 0.6 1.05487e+08 8.27713e+07 0.726218 0.00208412 0.000176775 0.00730171 0.000654164 0.241949 0.00658438 4.35336e-07 1.92945e-06 0.0150255 3.44045e-07 2.29229e-06 4.80895e-07 4.96465e-09 4.62305e-07 1.19252e-11 4.58248e-13 5.15311e-15 3.43135e-12 2.6515e-11 1.4927e-08 3.28796e-18 1.12119e-07 2.54306e-12 2.38285e-08 7.70484e-09 1.00045e-08 8.2932e-11 7.15656e-17 
0.0530857 2223.45 1932.75 4.80641 0.86 2620 1.41834 1.15014 1338.15 986.375 683 0.55 0.9 645606 0.6 9.65726e+07 5.75744e+07 0.726236 0.00199863 0.000162801 0.00680614 0.000577979 0.243214 0.00601704 4.39567e-07 1.77687e-06 0.0149817 3.37025e-07 2.18872e-06 4.70124e-07 5.26657e-09 5.06884e-07 1.248e-11 4.00668e-13 4.65402e-15 3.18472e-12 2.19612e-11 1.35098e-08 3.1051e-18 8.9767e-08 2.57869e-12 2.05562e-08 6.97443e-09 8.65309e-09 7.08572e-11 6.1739e-17 
0.0533714 2190.68 1938.21 4.7314 0.86 2620 1.4165 1.15014 1338.56 986.375 683 0.55 0.9 638889 0.6 8.67908e+07 4.05407e+07 0.726251 0.00192016 0.000149823 0.00632873 0.000510932 0.244369 0.00552033 4.37091e-07 1.64316e-06 0.0149445 3.36655e-07 2.10921e-06 4.65991e-07 5.52375e-09 5.45887e-07 1.293e-11 3.58917e-13 4.26189e-15 3.05419e-12 1.90266e-11 1.26968e-08 3.06857e-18 7.33294e-08 2.579e-12 1.82414e-08 6.32313e-09 7.75213e-09 6.31145e-11 5.55331e-17 
0.0539429 2140.21 1942.15 4.61542 0.86 2620 1.41598 1.15014 1338.85 986.375 683 0.55 0.9 628226 0.6 6.76585e+07 2.24829e+07 0.726276 0.00178424 0.000127472 0.00547576 0.00040363 0.246322 0.00471834 4.18144e-07 1.41772e-06 0.014887 3.4703e-07 1.99664e-06 4.67245e-07 5.89681e-09 6.05073e-07 1.34903e-11 3.02486e-13 3.64946e-15 2.96356e-12 1.57309e-11 1.20474e-08 3.21345e-18 5.18391e-08 2.49464e-12 1.5216e-08 5.25307e-09 6.67747e-09 5.46204e-11 4.82102e-17 
0.0545143 2100.3 1940.91 4.52372 0.86 2620 1.41707 1.15014 1338.76 986.375 683 0.55 0.9 619623 0.6 5.09963e+07 1.35585e+07 0.726297 0.00166982 0.000109161 0.00473592 0.000321716 0.247941 0.00407835 3.9108e-07 1.22818e-06 0.0148418 3.64986e-07 1.90875e-06 4.7377e-07 6.15722e-09 6.49535e-07 1.37526e-11 2.63743e-13 3.1652e-15 2.96167e-12 1.3857e-11 1.19502e-08 3.50085e-18 3.82019e-08 2.35033e-12 1.31776e-08 4.41068e-09 6.01632e-09 5.00081e-11 4.36663e-17 
0.0550857 2067.68 1936.54 4.44889 0.86 2620 1.41917 1.15014 1338.43 986.375 683 0.55 0.9 612506 0.6 3.76384e+07 8.78351e+06 0.726314 0.00157354 9.42649e-05 0.00410276 0.000259074 0.249286 0.00356058 3.61007e-07 1.06703e-06 0.0148054 3.87094e-07 1.83292e-06 4.82203e-07 6.32888e-09 6.82111e-07 1.37748e-11 2.34945e-13 2.76748e-15 2.99441e-12 1.26859e-11 1.21332e-08 3.86703e-18 2.90743e-08 2.1747e-12 1.1666e-08 3.74557e-09 5.56144e-09 4.73276e-11 4.04584e-17 
0.0556571 2040.25 1930.16 4.38613 0.86 2620 1.42194 1.15014 1337.95 986.375 683 0.55 0.9 606487 0.6 2.73319e+07 5.98339e+06 0.726328 0.00149227 8.21264e-05 0.00356366 0.000210795 0.250407 0.00313577 3.30818e-07 9.29531e-07 0.0147754 4.11446e-07 1.76335e-06 4.91193e-07 6.43284e-09 7.05465e-07 1.36159e-11 2.12432e-13 2.4363e-15 3.03839e-12 1.19005e-11 1.24688e-08 4.27991e-18 2.2698e-08 1.98769e-12 1.04719e-08 3.21603e-09 5.22e-09 4.57067e-11 3.8005e-17 
0.0562286 2016.61 1922.41 4.3322 0.86 2620 1.42519 1.15014 1337.37 986.375 683 0.55 0.9 601289 0.6 1.95263e+07 4.19177e+06 0.72634 0.00142337 7.21738e-05 0.00310482 0.000173196 0.251349 0.00278252 3.02043e-07 8.12021e-07 0.0147503 4.36973e-07 1.6973e-06 5.00218e-07 6.48659e-09 7.21891e-07 1.33282e-11 1.94249e-13 2.15877e-15 3.08327e-12 1.1343e-11 1.2891e-08 4.72146e-18 1.80848e-08 1.8021e-12 9.48907e-09 2.78988e-09 4.94617e-09 4.47077e-11 3.60343e-17 
0.0568 1995.77 1913.73 4.28484 0.86 2620 1.42877 1.15014 1336.71 986.375 683 0.55 0.9 596715 0.6 1.36672e+07 2.96069e+06 0.72635 0.00136465 6.39457e-05 0.00271351 0.000143584 0.252146 0.00248505 2.75397e-07 7.11402e-07 0.0147289 4.63086e-07 1.63347e-06 5.09116e-07 6.50404e-09 7.33257e-07 1.2954e-11 1.7923e-13 1.92507e-15 3.12458e-12 1.09277e-11 1.3363e-08 5.18088e-18 1.46488e-08 1.6254e-12 8.65778e-09 2.44291e-09 4.71528e-09 4.40916e-11 3.4401e-17 
0.0573714 1977.04 1904.39 4.24244 0.86 2620 1.4326 1.15014 1335.99 986.375 683 0.55 0.9 592618 0.6 9.28607e+06 2.06922e+06 0.726359 0.00131431 5.70804e-05 0.00237866 0.000119996 0.252825 0.00223163 2.51125e-07 6.25029e-07 0.0147106 4.89476e-07 1.57129e-06 5.17878e-07 6.49593e-09 7.4102e-07 1.25256e-11 1.66617e-13 1.72731e-15 3.16064e-12 1.06047e-11 1.38627e-08 5.65157e-18 1.20262e-08 1.46139e-12 7.94135e-09 2.15708e-09 4.51316e-09 4.37202e-11 3.30175e-17 
0.0579429 1959.91 1894.6 4.20385 0.86 2620 1.43661 1.15014 1335.22 986.375 683 0.55 0.9 588893 0.6 6.01362e+06 1.39939e+06 0.726367 0.00127092 5.12978e-05 0.002091 0.000101001 0.253407 0.00201347 2.29214e-07 5.50653e-07 0.0146946 5.16004e-07 1.51052e-06 5.26556e-07 6.47026e-09 7.46281e-07 1.20666e-11 1.55884e-13 1.55903e-15 3.19101e-12 1.03439e-11 1.43764e-08 6.12937e-18 9.98284e-09 1.31158e-12 7.31539e-09 1.91892e-09 4.33117e-09 4.35104e-11 3.18255e-17 
0.0585143 1944.03 1884.52 4.16821 0.86 2620 1.44075 1.15014 1334.43 986.375 683 0.55 0.9 585458 0.6 3.56767e+06 882601 0.726373 0.00123333 4.63813e-05 0.00184286 8.55491e-05 0.25391 0.0018239 2.09522e-07 4.86379e-07 0.0146806 5.42626e-07 1.45107e-06 5.3522e-07 6.43285e-09 7.49843e-07 1.15935e-11 1.46649e-13 1.41496e-15 3.21584e-12 1.01265e-11 1.48951e-08 6.61156e-18 8.36282e-09 1.17605e-12 6.76267e-09 1.71831e-09 4.16383e-09 4.34114e-11 3.07833e-17 
0.0590857 1929.14 1874.27 4.13491 0.86 2620 1.44497 1.15014 1333.61 986.375 683 0.55 0.9 582255 0.6 1.73539e+06 475936 0.726379 0.0012006 4.21633e-05 0.00162793 7.28604e-05 0.254347 0.0016578 1.91847e-07 4.30621e-07 0.0146683 5.6935e-07 1.39296e-06 5.43936e-07 6.38778e-09 7.52275e-07 1.11172e-11 1.38621e-13 1.29079e-15 3.23545e-12 9.94069e-12 1.54129e-08 7.09617e-18 7.05941e-09 1.05413e-12 6.27044e-09 1.54762e-09 4.00752e-09 4.33922e-11 2.98596e-17 
0.0596571 1915.03 1863.94 4.10349 0.86 2620 1.44925 1.15014 1332.78 986.375 683 0.55 0.9 579239 0.6 356655 151505 0.726385 0.00117199 3.85132e-05 0.00144106 6.23517e-05 0.254729 0.00151119 1.75971e-07 3.82061e-07 0.0146574 5.96204e-07 1.33621e-06 5.52758e-07 6.33783e-09 7.53964e-07 1.06451e-11 1.31576e-13 1.18303e-15 3.25019e-12 9.77886e-12 1.59258e-08 7.58144e-18 5.99761e-09 9.44751e-13 5.8289e-09 1.40102e-09 3.85975e-09 4.34337e-11 2.90298e-17 
0.0602286 1901.58 1853.61 4.07363 0.86 2620 1.45355 1.15014 1331.93 986.375 683 0.55 0.9 576379 0.6 -690213 -111818 0.726389 0.00114689 3.53296e-05 0.00127801 5.35824e-05 0.255064 0.00138099 1.61686e-07 3.39609e-07 0.0146476 6.23221e-07 1.28087e-06 5.61727e-07 6.28485e-09 7.55165e-07 1.01814e-11 1.25338e-13 1.08888e-15 3.26035e-12 9.63615e-12 1.64309e-08 8.06553e-18 5.12355e-09 8.46745e-13 5.43041e-09 1.27403e-09 3.7188e-09 4.35248e-11 2.82747e-17 
0.0608 1888.67 1843.34 4.04508 0.86 2620 1.4581 1.15014 1331.08 986.375 683 0.55 0.9 573650 0.6 -1.49923e+06 -314382 0.726394 0.00112481 3.2534e-05 0.00113537 4.62189e-05 0.25536 0.00126477 1.4881e-07 3.02385e-07 0.0146388 6.50424e-07 1.227e-06 5.70871e-07 6.23015e-09 7.56058e-07 9.72951e-12 1.19772e-13 1.0061e-15 3.26617e-12 9.50928e-12 1.69257e-08 8.54625e-18 4.39794e-09 7.59006e-13 5.06905e-09 1.16325e-09 3.58348e-09 4.36584e-11 2.75789e-17 
0.0614375 1874.86 1831.99 4.01462 0.86 2620 1.46289 1.15014 1330.13 986.375 683 0.55 0.9 570743 0.6 -2.20482e+06 -499517 0.726398 0.0011033 2.98056e-05 0.000997425 3.93691e-05 0.255649 0.00114961 1.35968e-07 2.66286e-07 0.01463 6.80989e-07 1.16898e-06 5.81298e-07 6.16915e-09 7.56954e-07 9.245e-12 1.14242e-13 9.25297e-16 3.26797e-12 9.38319e-12 1.74597e-08 9.07476e-18 3.72911e-09 6.72383e-13 4.70501e-09 1.05581e-09 3.43841e-09 4.38486e-11 2.6861e-17 
0.062075 1861.57 1820.83 3.9854 0.86 2620 1.46996 1.15014 1329.18 986.375 683 0.55 0.9 567957 0.6 -2.79323e+06 -608116 0.726402 0.00108458 2.74134e-05 0.000877957 3.36643e-05 0.255902 0.00104726 1.2448e-07 2.34916e-07 0.0146222 7.11807e-07 1.113e-06 5.91977e-07 6.1081e-09 7.57746e-07 8.77949e-12 1.09288e-13 8.54385e-16 3.26486e-12 9.27185e-12 1.79741e-08 9.59199e-18 3.17711e-09 5.95872e-13 4.37581e-09 9.62226e-10 3.29841e-09 4.40823e-11 2.61884e-17 
0.06335 1836.57 1799.1 3.93068 0.86 2620 1.48375 1.15014 1327.3 986.375 683 0.55 0.9 562751 0.6 -3.615e+06 -589110 0.726408 0.00105467 2.35638e-05 0.000691637 2.51414e-05 0.256305 0.000879198 1.05883e-07 1.85846e-07 0.0146093 7.74025e-07 1.01148e-06 6.14197e-07 6.00951e-09 7.62086e-07 7.9721e-12 1.0114e-13 7.41285e-16 3.24993e-12 9.07418e-12 1.8874e-08 1.05717e-17 2.35262e-09 4.74769e-13 3.82434e-09 8.12598e-10 3.03715e-09 4.45903e-11 2.50052e-17 
0.0659 1791.11 1757.99 3.83176 0.86 2620 1.51041 1.15014 1323.6 986.375 683 0.55 0.9 553344 0.6 -4.30214e+06 -391874 0.726417 0.00101444 1.81827e-05 0.000450114 1.48444e-05 0.256853 0.000639192 7.97536e-08 1.21569e-07 0.0145908 9.02879e-07 8.4122e-07 6.62309e-07 5.87826e-09 7.78931e-07 6.70076e-12 8.90967e-14 5.84794e-16 3.18817e-12 8.77991e-12 2.02076e-08 1.22817e-17 1.36132e-09 3.12764e-13 3.0041e-09 6.06172e-10 2.56832e-09 4.59057e-11 2.29957e-17 
0.071 1710.81 1682.28 3.65826 0.86 2620 1.54587 1.15014 1316.28 986.375 683 0.55 0.9 536727 0.6 -3.79176e+06 -187542 0.726427 0.000973278 1.18209e-05 0.000216019 5.78245e-06 0.257436 0.000358548 4.90207e-08 5.72396e-08 0.0145688 1.19013e-06 5.90312e-07 7.74521e-07 5.75304e-09 8.32812e-07 4.93254e-12 7.22688e-14 3.98193e-16 2.95065e-12 8.59915e-12 2.12666e-08 1.43814e-17 5.06141e-10 1.43738e-13 1.95372e-09 3.6918e-10 1.77527e-09 5.05098e-11 1.94729e-17 
0.0761 1637.31 1611.47 3.50022 0.86 2620 1.58186 1.15014 1308.79 986.375 683 0.55 0.9 521321 0.6 -2.69933e+06 -53093.7 0.726433 0.000953337 7.56044e-06 0.000107502 2.09224e-06 0.257744 0.000193435 2.79533e-08 2.55656e-08 0.0145554 1.515e-06 3.97333e-07 9.06547e-07 5.42911e-09 8.588e-07 3.35795e-12 5.5506e-14 2.57532e-16 2.50941e-12 9.07713e-12 2.0776e-08 1.34761e-17 1.81506e-10 5.57308e-14 1.2095e-09 2.20948e-10 1.09436e-09 5.97747e-11 1.5254e-17 
0.0812 1567.64 1543.14 3.35079 0.86 2620 1.61008 1.15014 1300.9 986.375 683 0.55 0.9 506467 0.6 -1.39411e+06 166750 0.726436 0.000944132 4.58789e-06 5.94288e-05 6.66065e-07 0.257906 9.7177e-05 1.41916e-08 1.12032e-08 0.0145475 1.86641e-06 2.5723e-07 1.06133e-06 4.87915e-09 8.45364e-07 2.09639e-12 3.8955e-14 1.50785e-16 2.05504e-12 1.02024e-11 1.88495e-08 9.88227e-18 5.94552e-11 1.74281e-14 6.89883e-10 1.25051e-10 5.8323e-10 7.54259e-11 1.08195e-17 
0.08375 1532.98 1508.56 3.27653 0.86 2620 1.63019 1.15014 1296.64 986.375 683 0.55 0.9 498967 0.6 -662233 372328 0.726437 0.000941493 3.34317e-06 4.49969e-05 3.27035e-07 0.25796 6.38739e-05 8.91504e-09 6.9774e-09 0.0145446 2.0365e-06 1.98405e-07 1.14586e-06 4.38484e-09 7.95966e-07 1.50408e-12 3.0117e-14 1.03784e-16 1.89283e-12 1.11046e-11 1.76225e-08 7.3719e-18 3.08295e-11 8.05729e-15 4.80085e-10 8.77817e-11 3.87285e-10 8.72438e-11 8.40059e-18 
0.0863 1497.79 1472.92 3.20121 0.86 2620 1.65216 1.15014 1292.06 986.375 683 0.55 0.9 491279 0.6 79813.1 794620 0.726438 0.000939938 2.35922e-06 3.63803e-05 1.50575e-07 0.257996 4.03394e-05 5.29698e-09 4.44137e-09 0.0145426 2.19885e-06 1.52714e-07 1.23982e-06 3.86092e-09 7.36545e-07 1.05793e-12 2.22795e-14 6.80477e-17 1.87143e-12 1.22739e-11 1.62928e-08 5.15275e-18 1.51097e-11 3.4942e-15 3.20397e-10 5.95188e-11 2.44009e-10 1.02862e-10 6.25622e-18 
0.08885 1460.86 1434.63 3.12221 0.86 2620 1.67732 1.15014 1286.9 986.375 683 0.55 0.9 483124 0.6 1.03415e+06 1.35835e+06 0.726439 0.000939073 1.59513e-06 3.13446e-05 6.38798e-08 0.258019 2.41114e-05 2.93891e-09 2.87639e-09 0.0145412 2.34955e-06 1.18357e-07 1.34868e-06 3.32628e-09 6.70612e-07 7.36594e-13 1.55901e-14 4.22134e-17 2.05141e-12 1.3849e-11 1.50124e-08 3.4173e-18 6.82844e-12 1.4406e-15 2.02386e-10 3.84979e-11 1.44738e-10 1.24636e-10 4.43055e-18 
0.0914 1420.53 1391.65 3.03597 0.86 2620 1.72586 1.15014 1280.81 986.375 683 0.55 0.9 474108 0.6 2.79743e+06 1.83257e+06 0.726439 0.00093864 1.0178e-06 2.85115e-05 2.44927e-08 0.258035 1.33391e-05 1.49669e-09 1.86418e-09 0.0145403 2.48327e-06 9.38539e-08 1.4822e-06 2.80101e-09 6.02431e-07 5.1702e-13 1.01268e-14 2.46787e-17 2.53543e-12 1.61395e-11 1.39223e-08 2.19229e-18 2.74184e-12 5.90274e-16 1.18666e-10 2.33335e-11 7.9824e-11 1.57719e-10 2.94333e-18 
0.0965 1323.87 1287.4 2.82933 0.86 2620 1.78043 1.15014 1264.61 986.375 683 0.55 0.9 452008 0.6 1.36135e+07 -3.65358e+06 0.726439 0.000938476 3.72462e-07 2.6787e-05 3.38991e-09 0.258047 3.34441e-06 3.69976e-10 8.2294e-10 0.0145393 2.67639e-06 7.36892e-08 1.92177e-06 2.11324e-09 5.42576e-07 3.54048e-13 3.70095e-15 9.62593e-18 5.28517e-12 2.59931e-11 1.28396e-08 1.25753e-18 3.03337e-13 1.65525e-16 3.4683e-11 7.43902e-12 2.17975e-11 3.16069e-10 1.21359e-18 
0.1016 1323.87 1239.71 2.82933 0.86 2620 1.79861 1.15014 1256.48 986.375 683 0.55 0.9 452008 0.6 1.05536e+08 799881 0.726439 0.000938476 3.72462e-07 2.6787e-05 3.38991e-09 0.258047 3.34441e-06 3.69976e-10 8.2294e-10 0.0145393 2.67639e-06 7.36892e-08 1.92177e-06 2.11324e-09 5.42576e-07 3.54048e-13 3.70095e-15 9.62593e-18 5.28517e-12 2.59931e-11 1.28396e-08 1.25753e-18 3.03337e-13 1.65525e-16 3.4683e-11 7.43902e-12 2.17975e-11 3.16069e-10 1.21359e-18 
